42 53 1 4 
42 51 0 7 
49 43 0 8 
48 41 0 11 
47 43 0 10 
38 54 2 6 
41 51 0 8 
50 45 0 5 
41 49 1 9 
34 58 0 8 
38 51 0 11 
39 53 0 8 
34 59 0 7 
48 46 0 6 
43 52 1 4 
35 59 0 6 
38 52 0 10 
44 46 0 10 
46 49 1 4 
44 46 0 10 
42 53 1 4 
32 55 0 13 
38 55 0 7 
44 47 1 8 
40 51 0 9 
42 48 0 10 
39 56 0 5 
40 51 0 9 
44 46 0 10 
40 51 0 9 
36 54 1 9 
40 50 1 9 
43 50 0 7 
47 47 0 6 
37 54 0 9 
40 52 0 8 
45 46 0 9 
45 46 1 8 
44 51 1 4 
41 54 0 5 
34 56 0 10 
38 54 0 8 
39 52 0 9 
43 48 0 9 
41 51 0 8 
39 55 0 6 
39 57 0 4 
36 53 1 10 
43 52 0 5 
34 54 1 11 
37 57 0 6 
48 46 0 6 
40 54 1 5 
46 47 0 7 
41 54 0 5 
47 45 0 8 
49 46 0 5 
42 53 0 5 
43 50 0 7 
47 45 0 8 
32 59 0 9 
37 57 0 6 
43 52 0 5 
42 51 0 7 
35 55 3 7 
40 48 0 12 
38 55 0 7 
48 40 0 12 
43 49 0 8 
37 59 0 4 
43 53 0 4 
45 50 0 5 
41 48 1 10 
41 52 0 7 
41 51 0 8 
37 51 2 10 
45 46 1 8 
40 56 0 4 
40 51 1 8 
49 41 0 10 
44 45 1 10 
37 57 0 6 
41 53 0 6 
48 46 0 6 
42 48 2 8 
32 59 0 9 
42 49 0 9 
40 52 1 7 
44 48 0 8 
46 46 0 8 
39 52 1 8 
41 48 2 9 
34 56 0 10 
41 47 0 12 
34 58 0 8 
36 57 0 7 
37 55 1 7 
48 48 0 4 
44 49 0 7 
45 48 0 7 
41 51 0 8 
40 50 0 10 
50 40 1 9 
38 58 0 4 
38 53 0 9 
45 48 0 7 
43 53 1 3 
41 49 0 10 
37 53 0 10 
44 44 0 12 
37 54 1 8 
45 45 1 9 
41 53 0 6 
45 47 1 7 
39 52 0 9 
42 51 0 7 
39 53 1 7 
38 52 1 9 
43 52 0 5 
44 51 0 5 
41 56 0 3 
33 58 0 9 
41 51 1 7 
39 53 0 8 
41 52 0 7 
41 50 0 9 
44 51 0 5 
46 49 0 5 
42 49 0 9 
47 41 1 11 
45 49 1 5 
44 49 1 6 
46 45 0 9 
45 49 0 6 
43 47 0 10 
38 53 0 9 
43 48 0 9 
49 48 0 3 
44 50 0 6 
34 58 0 8 
33 57 1 9 
41 49 0 10 
44 50 0 6 
43 49 0 8 
41 50 1 8 
36 54 0 10 
38 54 0 8 
45 50 0 5 
48 46 0 6 
42 48 0 10 
46 45 1 8 
41 51 0 8 
42 47 1 10 
43 49 0 8 
33 60 0 7 
49 47 0 4 
45 45 1 9 
42 53 0 5 
34 56 0 10 
41 54 1 4 
50 42 0 8 
43 50 0 7 
38 57 0 5 
44 49 0 7 
41 52 2 5 
41 50 0 9 
46 49 1 4 
36 57 0 7 
36 58 1 5 
36 56 0 8 
37 56 0 7 
36 55 0 9 
39 58 0 3 
46 48 1 5 
36 57 1 6 
47 49 1 3 
50 45 0 5 
44 49 0 7 
38 53 1 8 
44 45 0 11 
50 42 0 8 
43 48 1 8 
49 46 0 5 
41 51 0 8 
43 50 2 5 
42 53 0 5 
50 43 0 7 
51 45 0 4 
47 46 1 6 
50 43 1 6 
46 45 0 9 
49 41 0 10 
45 49 1 5 
38 50 1 11 
39 50 1 10 
44 50 0 6 
39 54 0 7 
51 47 0 2 
50 44 0 6 
46 43 0 11 
36 55 0 9 
35 57 0 8 
46 50 0 4 
39 53 1 7 
39 51 0 10 
43 44 0 13 
45 48 0 7 
35 56 0 9 
40 54 1 5 
36 56 0 8 
45 45 0 10 
40 48 0 12 
47 45 1 7 
39 55 0 6 
44 50 0 6 
38 54 0 8 
44 45 0 11 
36 59 1 4 
45 49 0 6 
37 55 0 8 
44 50 1 5 
34 59 0 7 
40 56 0 4 
43 49 1 7 
38 54 0 8 
37 53 0 10 
47 48 0 5 
42 48 2 8 
40 55 0 5 
41 53 0 6 
40 47 0 13 
40 50 1 9 
44 49 0 7 
47 44 0 9 
36 57 0 7 
31 61 0 8 
39 52 0 9 
41 49 0 10 
38 55 0 7 
41 54 0 5 
41 48 1 10 
36 55 0 9 
41 54 1 4 
32 61 1 6 
44 48 0 8 
43 50 0 7 
42 52 0 6 
51 43 0 6 
47 48 0 5 
48 44 1 7 
47 44 0 9 
40 50 0 10 
41 47 0 12 
33 55 1 11 
34 58 0 8 
39 54 0 7 
37 57 0 6 
41 49 0 10 
47 44 0 9 
47 48 0 5 
42 49 1 8 
36 50 1 13 
36 57 0 7 
38 51 0 11 
40 54 0 6 
38 55 0 7 
39 55 0 6 
41 48 0 11 
38 53 0 9 
46 46 0 8 
34 54 2 10 
38 51 1 10 
37 52 1 10 
43 47 0 10 
33 54 0 13 
42 50 0 8 
36 55 0 9 
43 49 1 7 
45 46 1 8 
41 51 1 7 
34 59 0 7 
47 50 0 3 
40 51 0 9 
43 52 0 5 
43 47 0 10 
39 56 0 5 
48 45 0 7 
43 47 1 9 
44 51 0 5 
44 49 1 6 
43 50 0 7 
39 54 1 6 
40 50 2 8 
42 49 0 9 
34 57 0 9 
40 52 0 8 
46 46 0 8 
34 58 0 8 
50 41 1 8 
39 56 0 5 
33 58 1 8 
36 57 0 7 
44 49 0 7 
41 53 1 5 
41 49 0 10 
45 49 0 6 
48 48 0 4 
38 53 0 9 
32 54 3 11 
40 55 0 5 
40 53 1 6 
46 46 1 7 
46 48 0 6 
41 49 0 10 
46 43 0 11 
43 50 1 6 
38 49 0 13 
45 48 2 5 
43 45 0 12 
42 52 0 6 
41 51 0 8 
38 46 0 16 
41 52 0 7 
36 55 1 8 
42 51 0 7 
39 54 0 7 
39 54 0 7 
43 49 0 8 
34 61 0 5 
44 47 0 9 
40 56 0 4 
42 49 2 7 
41 51 1 7 
47 46 0 7 
38 47 1 14 
34 55 0 11 
38 57 0 5 
40 50 0 10 
44 53 0 3 
48 48 0 4 
37 56 1 6 
48 42 0 10 
45 50 0 5 
41 54 0 5 
34 53 1 12 
50 44 0 6 
47 46 0 7 
47 46 1 6 
44 48 2 6 
50 46 0 4 
43 49 0 8 
38 54 1 7 
42 50 0 8 
45 49 0 6 
43 48 0 9 
32 53 0 15 
41 53 0 6 
47 47 0 6 
37 55 1 7 
43 53 0 4 
43 48 1 8 
36 53 1 10 
44 49 0 7 
35 59 0 6 
44 46 0 10 
40 53 0 7 
42 52 0 6 
34 57 0 9 
42 47 1 10 
46 48 0 6 
29 60 0 11 
48 43 0 9 
45 46 0 9 
41 52 0 7 
42 53 0 5 
38 52 0 10 
48 45 0 7 
37 55 1 7 
52 43 0 5 
38 55 2 5 
42 51 1 6 
44 51 0 5 
42 52 0 6 
44 49 0 7 
40 54 0 6 
39 52 1 8 
44 49 0 7 
42 49 1 8 
40 53 1 6 
43 48 0 9 
45 47 1 7 
41 52 1 6 
42 48 0 10 
41 52 0 7 
44 50 0 6 
41 54 1 4 
42 49 0 9 
37 55 0 8 
39 52 2 7 
41 47 2 10 
50 44 0 6 
43 47 0 10 
36 53 0 11 
47 49 0 4 
38 54 0 8 
39 51 1 9 
46 45 0 9 
53 41 0 6 
38 53 0 9 
43 45 0 12 
50 43 0 7 
34 54 1 11 
41 48 0 11 
49 44 1 6 
47 48 1 4 
36 58 0 6 
46 48 1 5 
36 56 0 8 
42 50 0 8 
38 56 0 6 
45 48 0 7 
50 41 0 9 
36 54 0 10 
49 41 0 10 
47 46 0 7 
45 47 2 6 
46 44 0 10 
41 48 0 11 
42 47 1 10 
48 44 0 8 
47 50 0 3 
37 55 0 8 
29 60 0 11 
43 51 0 6 
41 52 0 7 
41 51 0 8 
42 48 1 9 
50 44 0 6 
41 54 0 5 
43 48 0 9 
41 52 1 6 
43 49 1 7 
34 59 1 6 
41 53 1 5 
45 46 0 9 
53 44 1 2 
44 50 0 6 
46 49 0 5 
42 49 0 9 
39 52 0 9 
44 45 0 11 
43 48 0 9 
34 55 0 11 
47 48 1 4 
37 55 0 8 
37 53 0 10 
46 44 0 10 
42 49 1 8 
46 47 0 7 
42 46 1 11 
49 46 0 5 
39 53 0 8 
48 48 0 4 
44 47 0 9 
48 43 1 8 
30 63 1 6 
46 49 0 5 
43 46 0 11 
47 46 0 7 
39 55 0 6 
50 43 0 7 
36 56 1 7 
37 58 0 5 
33 60 0 7 
46 42 0 12 
40 51 0 9 
37 52 1 10 
44 48 0 8 
41 51 1 7 
47 44 1 8 
45 47 0 8 
42 49 0 9 
44 47 1 8 
37 56 0 7 
40 54 0 6 
38 58 0 4 
45 50 0 5 
41 51 2 6 
55 37 1 7 
41 53 0 6 
42 45 1 12 
41 53 1 5 
42 51 0 7 
41 51 0 8 
37 57 0 6 
53 41 0 6 
43 51 0 6 
37 51 1 11 
48 48 0 4 
41 45 1 13 
34 57 0 9 
41 53 0 6 
38 53 1 8 
44 46 0 10 
34 59 0 7 
46 48 0 6 
46 45 0 9 
49 46 0 5 
46 46 0 8 
43 49 1 7 
46 47 0 7 
40 54 0 6 
40 55 0 5 
43 48 0 9 
44 50 0 6 
41 49 0 10 
36 55 0 9 
45 47 0 8 
43 52 0 5 
45 46 2 7 
31 58 1 10 
33 59 1 7 
47 45 0 8 
37 58 0 5 
44 51 0 5 
38 53 0 9 
41 56 0 3 
38 53 1 8 
35 57 1 7 
37 51 0 12 
35 55 0 10 
42 47 0 11 
39 54 1 6 
39 54 0 7 
45 48 0 7 
38 51 0 11 
38 53 1 8 
47 47 1 5 
39 51 2 8 
46 45 2 7 
43 47 0 10 
42 52 1 5 
43 51 0 6 
39 55 0 6 
44 47 0 9 
42 51 0 7 
42 50 1 7 
53 41 0 6 
47 44 0 9 
45 46 0 9 
43 50 1 6 
40 50 0 10 
45 51 0 4 
35 59 2 4 
38 52 0 10 
46 44 1 9 
46 47 0 7 
39 56 1 4 
46 43 0 11 
46 45 0 9 
43 52 0 5 
45 49 0 6 
41 53 0 6 
44 47 0 9 
36 59 0 5 
44 47 0 9 
49 42 0 9 
46 49 0 5 
46 46 0 8 
49 47 0 4 
41 50 0 9 
34 58 0 8 
38 57 0 5 
38 53 2 7 
40 48 0 12 
45 50 0 5 
42 47 1 10 
40 52 1 7 
48 47 0 5 
42 51 1 6 
36 52 0 12 
40 50 1 9 
38 55 0 7 
40 53 0 7 
37 54 0 9 
43 49 0 8 
39 55 1 5 
41 54 0 5 
43 50 0 7 
50 43 0 7 
41 48 0 11 
36 54 0 10 
43 47 1 9 
43 51 0 6 
44 47 0 9 
32 60 0 8 
45 44 0 11 
44 47 0 9 
48 47 0 5 
41 51 0 8 
33 55 1 11 
43 46 1 10 
45 43 0 12 
39 52 1 8 
47 43 0 10 
35 56 2 7 
38 53 0 9 
32 56 0 12 
36 59 0 5 
50 41 0 9 
31 56 1 12 
39 53 0 8 
45 48 0 7 
42 50 0 8 
44 47 1 8 
47 43 1 9 
49 42 1 8 
47 45 1 7 
46 47 0 7 
37 53 0 10 
41 49 0 10 
48 44 0 8 
44 52 0 4 
47 43 0 10 
44 48 2 6 
47 48 0 5 
47 43 0 10 
42 49 0 9 
35 53 1 11 
37 53 1 9 
43 51 0 6 
47 47 0 6 
44 51 0 5 
40 52 0 8 
51 43 0 6 
41 50 0 9 
42 51 0 7 
48 45 1 6 
45 49 1 5 
48 48 0 4 
51 43 1 5 
40 52 0 8 
37 54 0 9 
39 50 0 11 
45 46 1 8 
43 50 1 6 
44 51 1 4 
37 56 0 7 
39 52 1 8 
42 52 0 6 
38 49 0 13 
46 44 0 10 
43 51 0 6 
46 47 0 7 
40 55 0 5 
38 55 0 7 
50 39 0 11 
51 47 0 2 
42 51 0 7 
43 48 1 8 
43 52 0 5 
43 50 0 7 
45 52 0 3 
38 53 1 8 
37 51 1 11 
44 49 0 7 
37 51 0 12 
46 45 1 8 
39 52 0 9 
38 53 1 8 
41 53 0 6 
41 50 0 9 
45 47 0 8 
31 56 0 13 
39 52 0 9 
47 47 0 6 
31 62 0 7 
44 48 1 7 
40 52 0 8 
41 49 0 10 
44 51 1 4 
46 48 0 6 
42 50 0 8 
47 48 0 5 
41 56 0 3 
44 48 1 7 
42 51 0 7 
48 48 1 3 
42 50 0 8 
50 43 1 6 
35 58 0 7 
42 45 3 10 
41 54 0 5 
38 57 0 5 
37 55 0 8 
42 52 1 5 
42 48 1 9 
43 48 0 9 
36 56 0 8 
40 51 1 8 
40 54 0 6 
43 52 0 5 
49 41 1 9 
44 48 0 8 
36 58 0 6 
44 52 0 4 
36 51 2 11 
36 55 0 9 
43 51 0 6 
45 44 0 11 
40 52 0 8 
40 53 2 5 
50 43 0 7 
37 53 1 9 
43 46 0 11 
42 51 0 7 
47 47 0 6 
38 56 0 6 
30 62 0 8 
41 55 0 4 
42 47 0 11 
40 52 1 7 
32 59 0 9 
44 54 0 2 
39 55 0 6 
44 43 2 11 
43 52 0 5 
41 50 0 9 
41 51 0 8 
31 56 2 11 
43 51 0 6 
39 54 0 7 
37 55 0 8 
37 53 1 9 
51 42 0 7 
34 60 0 6 
41 51 0 8 
37 56 0 7 
47 48 0 5 
37 54 0 9 
43 50 0 7 
43 50 0 7 
41 52 0 7 
38 50 0 12 
41 52 0 7 
42 52 0 6 
42 53 0 5 
41 51 0 8 
48 42 1 9 
36 56 0 8 
38 52 0 10 
43 44 0 13 
50 41 0 9 
38 55 0 7 
40 53 1 6 
39 53 0 8 
34 58 0 8 
41 51 0 8 
47 46 0 7 
38 54 0 8 
41 52 0 7 
47 44 0 9 
40 48 1 11 
40 55 0 5 
45 48 0 7 
36 57 0 7 
48 39 1 12 
39 55 0 6 
50 45 0 5 
40 47 0 13 
37 53 0 10 
43 51 0 6 
35 54 1 10 
41 54 1 4 
38 58 0 4 
48 44 0 8 
44 46 1 9 
39 52 0 9 
44 45 0 11 
45 49 0 6 
34 52 0 14 
39 54 0 7 
43 48 0 9 
39 54 0 7 
34 59 0 7 
36 56 0 8 
44 48 1 7 
45 48 1 6 
46 50 1 3 
44 48 1 7 
42 44 0 14 
32 58 1 9 
38 52 0 10 
43 51 1 5 
38 57 0 5 
38 53 0 9 
41 52 0 7 
48 46 0 6 
42 47 0 11 
48 43 1 8 
44 49 0 7 
45 48 0 7 
49 45 0 6 
36 53 1 10 
47 48 1 4 
45 46 1 8 
45 50 0 5 
45 49 0 6 
38 53 0 9 
44 47 0 9 
40 52 0 8 
47 46 0 7 
35 59 0 6 
40 54 1 5 
35 55 0 10 
43 50 0 7 
45 48 0 7 
40 52 1 7 
40 50 1 9 
46 49 0 5 
43 50 0 7 
33 56 0 11 
51 37 1 11 
40 51 0 9 
41 56 0 3 
34 52 1 13 
42 50 1 7 
47 50 1 2 
34 57 0 9 
38 52 0 10 
37 58 0 5 
47 44 0 9 
47 45 0 8 
45 46 1 8 
42 47 1 10 
44 47 0 9 
46 50 0 4 
38 55 0 7 
46 48 0 6 
45 47 0 8 
44 43 0 13 
48 43 1 8 
36 58 0 6 
41 50 1 8 
52 45 0 3 
42 51 0 7 
43 54 0 3 
40 55 0 5 
35 55 1 9 
34 60 1 5 
44 49 1 6 
42 54 0 4 
40 53 1 6 
36 55 0 9 
52 40 2 6 
43 48 0 9 
45 47 0 8 
41 51 1 7 
41 47 1 11 
50 44 0 6 
41 55 0 4 
41 52 0 7 
46 49 0 5 
50 42 0 8 
44 46 0 10 
45 49 0 6 
38 53 0 9 
39 53 1 7 
41 49 0 10 
31 58 0 11 
41 53 1 5 
42 48 1 9 
46 44 0 10 
47 50 1 2 
43 49 1 7 
46 41 0 13 
36 57 1 6 
41 53 0 6 
42 46 0 12 
39 52 0 9 
33 58 0 9 
44 49 0 7 
41 53 0 6 
49 46 0 5 
50 42 0 8 
38 52 0 10 
43 48 0 9 
50 45 0 5 
42 46 1 11 
45 50 0 5 
31 61 0 8 
44 49 0 7 
46 46 0 8 
40 52 0 8 
34 55 0 11 
46 47 0 7 
44 50 1 5 
39 53 0 8 
41 55 0 4 
36 54 0 10 
42 53 0 5 
44 48 1 7 
46 48 0 6 
36 57 0 7 
44 47 1 8 
34 52 3 11 
35 58 1 6 
46 44 0 10 
40 54 1 5 
40 50 1 9 
30 57 1 12 
43 54 0 3 
42 52 0 6 
45 49 1 5 
42 47 0 11 
44 50 0 6 
39 53 0 8 
36 54 0 10 
40 55 0 5 
40 51 0 9 
47 47 0 6 
43 50 1 6 
39 53 1 7 
46 49 0 5 
43 49 1 7 
38 53 0 9 
43 52 1 4 
39 51 1 9 
39 54 0 7 
40 48 1 11 
40 53 0 7 
45 46 0 9 
40 52 0 8 
35 57 0 8 
44 44 1 11 
46 48 0 6 
47 47 0 6 
50 42 0 8 
44 49 1 6 
38 54 1 7 
35 59 0 6 
42 49 1 8 
43 50 0 7 
39 54 0 7 
42 46 0 12 
46 47 0 7 
42 52 0 6 
42 50 0 8 
43 48 1 8 
43 54 0 3 
44 50 0 6 
37 51 1 11 
41 51 0 8 
43 53 0 4 
38 53 0 9 
46 49 0 5 
43 48 0 9 
39 52 0 9 
42 48 0 10 
42 49 0 9 
40 51 0 9 
45 44 1 10 
42 52 0 6 
44 51 0 5 
39 54 0 7 
42 50 0 8 
39 56 0 5 
43 48 1 8 
45 42 0 13 
47 45 0 8 
42 49 1 8 
37 52 0 11 
35 60 1 4 
35 57 0 8 
46 44 0 10 
48 47 0 5 
46 45 0 9 
36 60 0 4 
34 58 0 8 
44 47 0 9 
41 52 0 7 
42 52 0 6 
46 46 1 7 
38 54 0 8 
45 44 1 10 
44 45 1 10 
42 53 0 5 
39 56 0 5 
39 54 0 7 
45 48 0 7 
34 55 0 11 
40 51 1 8 
49 44 1 6 
40 55 0 5 
42 49 0 9 
38 50 1 11 
38 56 0 6 
45 47 0 8 
35 58 0 7 
38 53 1 8 
45 51 1 3 
48 47 1 4 
36 53 0 11 
45 47 0 8 
44 48 1 7 
47 45 0 8 
35 56 0 9 
46 49 0 5 
48 46 1 5 
39 57 0 4 
48 46 0 6 
46 48 0 6 
49 38 0 13 
47 45 0 8 
38 53 1 8 
41 50 0 9 
38 54 0 8 
44 49 0 7 
41 52 0 7 
42 53 0 5 
42 48 0 10 
38 53 2 7 
45 47 0 8 
43 52 0 5 
35 55 0 10 
41 51 0 8 
47 44 0 9 
34 60 1 5 
41 52 0 7 
37 50 0 13 
42 55 0 3 
33 56 0 11 
44 49 1 6 
40 53 0 7 
39 50 1 10 
40 49 1 10 
39 51 0 10 
43 52 0 5 
42 52 1 5 
45 47 0 8 
36 52 0 12 
44 48 0 8 
41 51 0 8 
37 55 0 8 
42 52 0 6 
47 49 0 4 
38 60 0 2 
38 50 0 12 
43 53 0 4 
45 45 0 10 
34 56 0 10 
42 51 0 7 
47 47 0 6 
42 50 0 8 
47 46 1 6 
43 49 0 8 
45 50 0 5 
38 50 0 12 
45 50 0 5 
42 48 1 9 
41 52 1 6 
43 48 0 9 
50 44 0 6 
46 46 0 8 
33 56 0 11 
40 52 0 8 
46 47 1 6 
41 53 0 6 
42 53 0 5 
39 54 1 6 
39 54 0 7 
42 50 1 7 
33 57 1 9 
47 49 0 4 
48 41 0 11 
37 48 0 15 
36 59 1 4 
43 48 1 8 
42 53 0 5 
39 55 0 6 
41 53 0 6 
41 49 1 9 
39 52 0 9 
43 51 0 6 
41 53 1 5 
51 42 0 7 
44 49 0 7 
50 46 0 4 
40 46 0 14 
51 40 0 9 
49 44 0 7 
47 47 0 6 
35 49 0 16 
44 50 1 5 
34 54 0 12 
48 43 0 9 
35 56 0 9 
45 49 0 6 
42 52 0 6 
42 48 2 8 
44 49 0 7 
48 47 0 5 
37 57 1 5 
41 50 0 9 
44 49 1 6 
35 57 0 8 
46 49 0 5 
47 47 0 6 
41 52 0 7 
48 41 1 10 
40 52 2 6 
41 52 1 6 
42 52 0 6 
41 52 0 7 
38 57 0 5 
36 57 0 7 
40 55 1 4 
41 53 0 6 
46 47 0 7 
38 53 0 9 
43 50 1 6 
43 50 0 7 
40 50 1 9 
39 52 1 8 
41 53 0 6 
37 55 1 7 
42 49 1 8 
45 42 2 11 
40 51 0 9 
39 58 0 3 
49 44 0 7 
34 59 0 7 
52 38 0 10 
43 53 0 4 
35 55 0 10 
35 52 1 12 
44 52 0 4 
44 44 0 12 
38 55 0 7 
46 42 0 12 
34 56 1 9 
40 51 0 9 
44 46 1 9 
42 52 0 6 
42 49 0 9 
43 49 0 8 
40 47 0 13 
37 53 0 10 
36 59 0 5 
32 58 1 9 
40 47 2 11 
39 56 0 5 
43 47 0 10 
47 45 0 8 
38 54 1 7 
48 43 1 8 
46 43 0 11 
51 41 0 8 
51 42 1 6 
40 52 2 6 
49 39 0 12 
32 59 0 9 
40 52 0 8 
48 45 0 7 
45 49 0 6 
40 50 0 10 
39 55 0 6 
44 50 0 6 
41 54 1 4 
50 46 0 4 
44 49 0 7 
37 54 1 8 
42 52 1 5 
44 47 1 8 
51 44 0 5 
43 50 1 6 
38 56 0 6 
38 51 0 11 
45 49 0 6 
45 47 0 8 
34 54 1 11 
44 51 0 5 
41 53 0 6 
43 48 0 9 
42 49 0 9 
42 52 0 6 
44 49 0 7 
43 52 0 5 
46 45 0 9 
39 53 0 8 
33 59 0 8 
53 41 0 6 
46 46 0 8 
44 48 0 8 
48 47 0 5 
41 50 1 8 
49 47 0 4 
48 45 1 6 
38 54 1 7 
42 52 0 6 
36 55 0 9 
42 50 2 6 
45 48 0 7 
42 50 1 7 
46 45 0 9 
44 45 1 10 
48 42 0 10 
40 49 3 8 
38 47 2 13 
45 48 0 7 
39 53 1 7 
46 42 1 11 
42 53 0 5 
36 57 1 6 
46 48 0 6 
44 52 0 4 
38 56 0 6 
49 45 0 6 
40 49 0 11 
47 48 0 5 
37 56 0 7 
48 48 0 4 
48 38 0 14 
30 64 0 6 
44 49 0 7 
44 44 0 12 
41 48 0 11 
42 52 0 6 
45 46 2 7 
41 52 1 6 
39 50 1 10 
38 50 0 12 
34 58 1 7 
39 54 0 7 
42 47 1 10 
41 53 0 6 
35 58 1 6 
33 59 0 8 
38 53 0 9 
46 48 0 6 
48 45 0 7 
44 50 0 6 
45 50 0 5 
39 52 1 8 
46 46 0 8 
40 52 0 8 
38 57 0 5 
39 51 0 10 
40 55 0 5 
40 50 0 10 
43 51 0 6 
36 53 0 11 
40 49 0 11 
34 60 1 5 
39 54 0 7 
42 48 0 10 
37 56 1 6 
38 51 0 11 
50 39 0 11 
43 53 1 3 
37 56 0 7 
42 53 0 5 
40 52 1 7 
34 59 1 6 
50 42 1 7 
38 55 0 7 
43 48 1 8 
37 55 0 8 
41 52 0 7 
34 63 1 2 
39 54 0 7 
43 50 0 7 
42 53 0 5 
39 50 2 9 
44 51 0 5 
39 55 1 5 
40 55 0 5 
37 50 0 13 
43 49 1 7 
47 45 2 6 
41 45 0 14 
42 51 0 7 
49 47 0 4 
41 52 1 6 
31 58 0 11 
41 51 1 7 
40 53 0 7 
49 46 0 5 
47 47 0 6 
46 46 1 7 
36 50 0 14 
46 45 1 8 
44 49 0 7 
41 49 0 10 
44 49 0 7 
41 51 1 7 
40 54 0 6 
42 48 1 9 
42 47 0 11 
42 44 0 14 
43 51 0 6 
41 52 0 7 
37 51 0 12 
40 54 1 5 
41 54 0 5 
46 50 0 4 
46 51 0 3 
44 47 1 8 
46 47 1 6 
37 57 0 6 
46 45 0 9 
41 45 0 14 
46 41 0 13 
42 51 0 7 
30 63 1 6 
43 49 0 8 
44 47 0 9 
38 56 0 6 
42 51 0 7 
43 48 0 9 
39 52 0 9 
52 40 0 8 
33 58 0 9 
38 52 0 10 
36 57 0 7 
40 54 0 6 
36 58 0 6 
40 52 0 8 
43 50 0 7 
43 48 0 9 
39 45 1 15 
40 50 1 9 
33 60 0 7 
49 45 0 6 
43 53 0 4 
43 51 0 6 
44 47 1 8 
31 61 2 6 
39 54 0 7 
47 47 0 6 
44 49 0 7 
44 48 0 8 
45 49 0 6 
43 53 0 4 
36 53 0 11 
35 54 0 11 
53 42 0 5 
42 52 0 6 
48 42 0 10 
35 56 1 8 
32 60 0 8 
41 54 0 5 
41 48 0 11 
42 49 1 8 
37 53 0 10 
42 53 0 5 
50 37 0 13 
37 51 0 12 
40 50 0 10 
32 61 0 7 
44 51 2 3 
42 50 2 6 
45 49 0 6 
38 52 1 9 
36 57 0 7 
37 55 1 7 
40 52 0 8 
40 53 0 7 
43 45 0 12 
34 58 1 7 
45 48 0 7 
44 52 0 4 
37 58 0 5 
50 42 0 8 
44 47 1 8 
45 51 0 4 
31 57 0 12 
55 40 0 5 
44 44 0 12 
40 50 0 10 
43 53 1 3 
49 43 0 8 
39 55 0 6 
42 51 0 7 
42 52 1 5 
39 53 0 8 
34 56 0 10 
42 51 0 7 
41 48 1 10 
41 50 0 9 
47 42 2 9 
44 44 0 12 
42 52 0 6 
35 55 0 10 
43 49 0 8 
36 52 0 12 
41 53 0 6 
34 56 0 10 
39 54 0 7 
43 47 2 8 
42 49 0 9 
38 58 1 3 
43 50 0 7 
45 51 0 4 
38 54 1 7 
46 45 0 9 
52 42 0 6 
38 54 0 8 
41 52 0 7 
44 50 0 6 
42 49 1 8 
43 50 0 7 
38 55 1 6 
41 47 0 12 
50 45 0 5 
36 58 0 6 
46 48 0 6 
49 46 0 5 
46 48 0 6 
44 51 0 5 
38 52 0 10 
46 47 0 7 
39 53 0 8 
50 40 0 10 
36 57 0 7 
44 48 0 8 
42 51 1 6 
45 50 0 5 
43 49 0 8 
35 57 0 8 
47 48 0 5 
41 48 1 10 
40 53 0 7 
46 47 1 6 
49 46 0 5 
37 55 0 8 
42 52 0 6 
40 54 0 6 
45 51 0 4 
35 55 0 10 
40 53 0 7 
50 44 0 6 
39 53 0 8 
44 46 0 10 
39 52 0 9 
43 51 0 6 
39 52 4 5 
41 52 0 7 
52 39 1 8 
44 50 0 6 
41 54 0 5 
43 47 0 10 
48 44 1 7 
47 47 0 6 
44 50 0 6 
41 51 1 7 
40 52 1 7 
50 44 0 6 
37 54 0 9 
40 50 1 9 
48 44 2 6 
44 45 0 11 
51 43 0 6 
40 49 0 11 
36 57 0 7 
43 52 0 5 
42 50 0 8 
39 53 0 8 
36 56 1 7 
44 49 0 7 
43 49 0 8 
41 43 3 13 
41 48 0 11 
35 51 0 14 
38 57 0 5 
39 53 0 8 
41 52 1 6 
37 50 0 13 
40 52 0 8 
46 47 0 7 
39 52 0 9 
46 45 0 9 
41 52 0 7 
44 49 0 7 
43 48 2 7 
32 58 0 10 
44 50 0 6 
40 52 2 6 
48 40 0 12 
36 54 0 10 
51 39 0 10 
45 45 0 10 
43 46 0 11 
42 47 1 10 
45 45 1 9 
39 54 0 7 
32 58 1 9 
44 52 0 4 
45 47 1 7 
42 48 0 10 
46 47 0 7 
47 42 2 9 
42 44 1 13 
39 55 0 6 
33 58 0 9 
45 48 0 7 
43 48 0 9 
42 48 1 9 
42 49 1 8 
46 44 0 10 
53 41 1 5 
41 55 0 4 
40 52 0 8 
45 43 1 11 
41 48 0 11 
42 50 0 8 
47 48 0 5 
40 53 0 7 
43 48 0 9 
51 42 0 7 
48 45 0 7 
47 46 0 7 
31 58 1 10 
43 47 0 10 
38 55 0 7 
44 48 0 8 
40 49 0 11 
35 56 0 9 
40 52 0 8 
42 53 0 5 
39 50 1 10 
42 51 0 7 
35 58 0 7 
45 46 0 9 
45 45 0 10 
42 49 1 8 
40 55 0 5 
39 50 0 11 
45 46 0 9 
46 44 0 10 
34 57 0 9 
47 49 0 4 
47 48 0 5 
40 53 0 7 
41 51 1 7 
47 46 0 7 
44 47 0 9 
47 42 0 11 
39 53 0 8 
37 55 0 8 
47 45 0 8 
34 56 0 10 
45 45 0 10 
40 50 0 10 
48 43 0 9 
42 53 0 5 
46 44 1 9 
40 52 0 8 
43 53 0 4 
45 45 0 10 
39 55 0 6 
43 43 0 14 
47 49 0 4 
40 52 0 8 
45 45 1 9 
40 47 0 13 
41 51 0 8 
43 49 0 8 
47 45 0 8 
39 54 2 5 
49 46 1 4 
46 48 0 6 
42 51 0 7 
36 56 0 8 
34 53 1 12 
49 45 0 6 
39 55 0 6 
37 53 0 10 
45 51 0 4 
38 54 0 8 
46 48 0 6 
44 54 0 2 
42 49 0 9 
35 55 2 8 
42 47 0 11 
39 53 0 8 
42 46 1 11 
47 47 0 6 
32 58 1 9 
44 45 0 11 
43 49 0 8 
39 52 1 8 
37 53 0 10 
43 50 1 6 
39 54 0 7 
43 48 0 9 
38 53 0 9 
37 54 0 9 
38 52 0 10 
46 47 0 7 
51 44 0 5 
36 54 0 10 
48 47 0 5 
29 60 1 10 
44 49 1 6 
45 49 1 5 
49 42 0 9 
40 53 1 6 
37 50 1 12 
43 48 1 8 
42 52 0 6 
39 51 0 10 
50 44 0 6 
34 56 1 9 
46 45 0 9 
45 45 0 10 
45 49 0 6 
33 58 1 8 
46 45 0 9 
34 58 0 8 
47 48 0 5 
31 62 0 7 
48 46 0 6 
41 51 0 8 
46 47 0 7 
42 55 0 3 
40 54 0 6 
49 45 0 6 
44 45 0 11 
37 54 0 9 
42 49 2 7 
44 46 0 10 
33 58 0 9 
45 49 0 6 
32 58 0 10 
46 50 0 4 
33 57 0 10 
42 51 0 7 
48 47 1 4 
44 46 1 9 
44 47 0 9 
51 46 0 3 
39 54 0 7 
40 56 0 4 
34 53 2 11 
43 46 0 11 
48 46 0 6 
38 51 0 11 
43 48 0 9 
44 51 1 4 
40 53 0 7 
38 53 0 9 
44 46 0 10 
38 53 0 9 
45 47 0 8 
45 47 0 8 
31 60 0 9 
41 48 0 11 
40 50 0 10 
51 39 0 10 
45 46 1 8 
46 41 0 13 
44 48 1 7 
37 58 0 5 
44 51 0 5 
46 45 1 8 
48 47 0 5 
39 49 0 12 
46 44 0 10 
43 49 1 7 
42 46 1 11 
39 53 1 7 
46 45 2 7 
44 52 0 4 
43 49 0 8 
43 48 2 7 
44 48 0 8 
41 53 0 6 
43 47 0 10 
50 45 0 5 
42 52 0 6 
42 45 1 12 
40 51 0 9 
47 44 1 8 
41 46 0 13 
39 50 1 10 
38 55 0 7 
41 56 0 3 
45 47 0 8 
43 50 0 7 
46 45 0 9 
43 49 0 8 
45 49 0 6 
40 52 0 8 
36 54 0 10 
44 51 0 5 
40 50 0 10 
36 57 0 7 
35 56 0 9 
46 42 0 12 
42 49 0 9 
45 49 0 6 
47 41 0 12 
44 51 0 5 
35 55 0 10 
43 47 0 10 
44 48 1 7 
42 50 0 8 
38 56 0 6 
45 47 0 8 
38 54 0 8 
38 53 0 9 
49 46 0 5 
43 48 1 8 
45 47 0 8 
44 46 0 10 
40 55 0 5 
40 49 0 11 
44 44 1 11 
44 48 1 7 
43 51 1 5 
49 47 0 4 
40 52 1 7 
33 59 0 8 
37 51 0 12 
47 51 0 2 
37 60 0 3 
36 55 0 9 
42 44 2 12 
35 53 0 12 
47 47 0 6 
40 52 1 7 
39 55 1 5 
44 49 0 7 
42 43 0 15 
38 50 0 12 
49 45 0 6 
55 39 1 5 
41 53 2 4 
39 49 0 12 
38 57 0 5 
48 42 0 10 
42 51 0 7 
45 51 0 4 
41 55 0 4 
45 50 0 5 
37 50 1 12 
35 54 1 10 
55 38 0 7 
38 54 1 7 
42 48 0 10 
47 44 0 9 
40 54 1 5 
39 52 0 9 
42 53 0 5 
42 54 0 4 
48 48 0 4 
40 50 0 10 
49 45 0 6 
40 48 0 12 
46 49 0 5 
44 50 0 6 
50 43 0 7 
39 52 0 9 
33 59 0 8 
41 47 0 12 
33 57 0 10 
37 50 1 12 
43 50 0 7 
37 55 0 8 
45 42 0 13 
37 55 0 8 
38 58 0 4 
47 46 0 7 
45 50 0 5 
43 48 0 9 
43 52 0 5 
51 43 1 5 
44 48 0 8 
42 48 1 9 
40 50 0 10 
47 47 1 5 
44 46 0 10 
46 46 0 8 
35 56 2 7 
42 51 0 7 
36 56 0 8 
47 46 0 7 
38 54 0 8 
46 45 2 7 
38 55 0 7 
31 59 0 10 
48 44 0 8 
40 51 0 9 
45 49 0 6 
36 57 0 7 
42 50 1 7 
42 47 1 10 
34 58 1 7 
45 47 0 8 
34 56 0 10 
42 49 1 8 
40 52 0 8 
44 51 0 5 
48 44 0 8 
48 47 0 5 
45 47 1 7 
36 55 1 8 
44 49 0 7 
46 48 0 6 
40 48 0 12 
40 50 0 10 
41 50 1 8 
37 52 1 10 
44 50 1 5 
40 55 0 5 
41 50 0 9 
36 57 2 5 
42 51 0 7 
37 56 1 6 
46 47 2 5 
36 58 0 6 
39 57 0 4 
46 47 0 7 
39 58 0 3 
36 56 0 8 
52 39 1 8 
44 46 0 10 
40 47 1 12 
35 59 0 6 
40 49 0 11 
45 47 0 8 
43 53 0 4 
43 50 0 7 
49 42 0 9 
43 47 0 10 
43 48 0 9 
49 44 0 7 
38 58 1 3 
48 46 0 6 
44 52 0 4 
43 49 0 8 
37 56 0 7 
51 34 1 14 
40 54 0 6 
36 53 0 11 
43 48 0 9 
45 49 1 5 
43 50 0 7 
46 50 0 4 
45 50 0 5 
39 49 0 12 
35 59 0 6 
49 43 0 8 
38 51 2 9 
35 57 0 8 
39 53 0 8 
34 59 1 6 
46 49 1 4 
37 53 0 10 
41 53 0 6 
38 55 0 7 
47 43 0 10 
33 58 0 9 
51 41 1 7 
44 46 1 9 
45 47 0 8 
43 49 0 8 
44 49 0 7 
39 51 0 10 
44 48 0 8 
36 56 0 8 
41 50 0 9 
46 48 0 6 
41 51 0 8 
43 54 0 3 
43 52 0 5 
36 51 2 11 
38 54 1 7 
44 50 1 5 
52 37 0 11 
44 48 0 8 
43 49 0 8 
42 53 0 5 
39 58 0 3 
33 57 0 10 
46 47 0 7 
43 48 0 9 
49 45 1 5 
50 46 0 4 
39 54 0 7 
41 53 0 6 
52 41 0 7 
40 55 0 5 
56 36 1 7 
36 53 0 11 
45 50 0 5 
43 52 0 5 
35 55 2 8 
34 58 1 7 
39 55 0 6 
46 47 0 7 
43 49 1 7 
46 46 0 8 
46 49 0 5 
40 51 0 9 
39 50 0 11 
40 52 0 8 
42 49 0 9 
41 51 0 8 
38 54 0 8 
42 50 0 8 
48 44 0 8 
42 49 0 9 
43 50 1 6 
43 49 0 8 
34 58 0 8 
43 50 0 7 
41 52 0 7 
39 54 1 6 
44 50 0 6 
40 52 1 7 
46 46 0 8 
43 54 0 3 
39 54 0 7 
36 50 0 14 
42 51 1 6 
40 53 2 5 
42 50 0 8 
40 53 1 6 
41 51 0 8 
36 57 0 7 
46 48 0 6 
44 49 1 6 
45 49 0 6 
45 51 0 4 
40 53 0 7 
46 50 1 3 
37 53 1 9 
42 51 1 6 
46 47 0 7 
46 43 0 11 
47 46 0 7 
36 54 0 10 
40 51 0 9 
39 52 1 8 
44 49 0 7 
44 45 2 9 
38 56 0 6 
41 50 1 8 
43 53 0 4 
47 44 0 9 
40 50 0 10 
41 51 0 8 
42 52 0 6 
33 63 0 4 
42 51 1 6 
44 48 0 8 
38 54 0 8 
43 47 1 9 
48 45 2 5 
46 49 1 4 
36 58 0 6 
39 53 0 8 
44 48 0 8 
46 47 3 4 
39 56 1 4 
39 52 2 7 
44 50 0 6 
36 57 0 7 
34 60 0 6 
53 40 1 6 
46 46 1 7 
43 49 1 7 
41 49 1 9 
40 55 0 5 
33 62 0 5 
41 52 0 7 
38 52 1 9 
44 48 1 7 
40 52 0 8 
41 50 1 8 
34 57 0 9 
39 52 0 9 
37 50 0 13 
43 50 2 5 
40 52 0 8 
43 47 1 9 
39 55 0 6 
41 52 0 7 
36 55 0 9 
32 52 3 13 
44 47 1 8 
42 49 1 8 
37 55 1 7 
41 53 0 6 
41 52 0 7 
37 56 0 7 
43 53 0 4 
49 47 0 4 
39 54 0 7 
36 54 0 10 
46 48 0 6 
49 46 1 4 
41 52 1 6 
49 48 0 3 
43 47 0 10 
34 57 1 8 
45 48 1 6 
32 59 1 8 
35 59 0 6 
44 45 0 11 
48 45 0 7 
40 53 1 6 
46 46 0 8 
46 47 1 6 
40 52 0 8 
48 45 0 7 
44 50 0 6 
33 59 0 8 
37 54 1 8 
46 48 0 6 
46 46 2 6 
39 51 1 9 
53 41 0 6 
43 48 0 9 
43 48 0 9 
39 54 0 7 
53 37 0 10 
48 43 1 8 
43 51 0 6 
47 47 0 6 
45 47 0 8 
46 50 0 4 
47 47 0 6 
45 46 0 9 
40 45 0 15 
47 45 0 8 
45 49 0 6 
34 61 0 5 
35 60 0 5 
46 44 0 10 
34 57 0 9 
39 55 0 6 
43 47 0 10 
45 51 0 4 
40 56 0 4 
39 54 0 7 
40 56 0 4 
43 51 0 6 
40 53 0 7 
40 48 0 12 
41 49 1 9 
46 46 1 7 
35 57 1 7 
48 47 0 5 
38 57 1 4 
43 52 0 5 
41 50 0 9 
43 49 0 8 
43 49 0 8 
47 47 0 6 
48 43 1 8 
37 56 0 7 
38 51 0 11 
43 48 1 8 
45 49 1 5 
42 54 0 4 
39 51 0 10 
52 39 1 8 
49 45 0 6 
38 56 0 6 
38 56 0 6 
44 45 0 11 
42 47 0 11 
41 52 0 7 
40 52 0 8 
39 54 0 7 
49 47 0 4 
39 49 0 12 
37 53 0 10 
40 50 1 9 
43 50 0 7 
38 50 1 11 
42 51 0 7 
35 56 0 9 
37 52 0 11 
36 55 0 9 
38 52 1 9 
49 42 0 9 
45 46 0 9 
40 53 0 7 
51 40 0 9 
41 54 0 5 
42 54 0 4 
33 58 0 9 
36 57 0 7 
40 54 0 6 
48 44 1 7 
41 46 0 13 
44 50 0 6 
33 61 0 6 
46 45 0 9 
43 50 0 7 
39 53 0 8 
35 57 0 8 
45 48 0 7 
40 52 0 8 
43 51 0 6 
40 54 0 6 
40 53 0 7 
45 50 0 5 
45 51 0 4 
39 50 1 10 
36 58 0 6 
41 51 1 7 
43 48 0 9 
35 57 1 7 
43 49 1 7 
47 47 1 5 
38 53 0 9 
46 44 0 10 
39 50 0 11 
46 48 0 6 
42 48 0 10 
49 46 0 5 
36 51 1 12 
35 55 0 10 
46 49 0 5 
39 50 0 11 
45 48 0 7 
41 55 0 4 
46 47 0 7 
45 48 0 7 
40 57 0 3 
43 45 0 12 
35 55 1 9 
46 45 0 9 
42 52 0 6 
42 53 0 5 
40 53 0 7 
38 56 0 6 
45 48 0 7 
43 50 0 7 
42 51 0 7 
42 52 0 6 
42 52 0 6 
49 44 0 7 
41 50 0 9 
40 54 1 5 
35 54 0 11 
44 47 0 9 
41 50 1 8 
35 57 0 8 
53 41 1 5 
42 49 0 9 
40 52 0 8 
40 54 0 6 
39 48 0 13 
44 47 0 9 
44 46 0 10 
43 44 2 11 
37 51 1 11 
50 41 0 9 
42 53 0 5 
40 54 1 5 
42 54 0 4 
39 54 0 7 
41 53 1 5 
39 49 0 12 
43 52 0 5 
40 54 0 6 
46 42 0 12 
47 45 0 8 
46 48 0 6 
38 53 0 9 
55 40 0 5 
42 49 0 9 
38 55 0 7 
29 67 0 4 
48 45 0 7 
50 44 0 6 
44 49 1 6 
44 52 0 4 
42 54 0 4 
41 52 0 7 
45 45 1 9 
45 47 0 8 
47 43 2 8 
40 47 0 13 
32 63 0 5 
40 49 0 11 
41 53 0 6 
37 52 0 11 
37 55 0 8 
35 53 0 12 
34 59 1 6 
31 60 0 9 
45 51 0 4 
40 54 0 6 
33 56 1 10 
44 47 0 9 
42 47 0 11 
45 47 1 7 
49 45 0 6 
38 51 1 10 
32 59 0 9 
41 54 0 5 
36 55 0 9 
38 52 1 9 
39 51 0 10 
47 48 0 5 
41 51 0 8 
43 52 1 4 
42 48 0 10 
42 47 0 11 
49 45 0 6 
38 53 0 9 
47 45 0 8 
42 52 1 5 
40 47 1 12 
45 50 0 5 
40 49 1 10 
40 53 0 7 
44 49 0 7 
43 51 1 5 
45 46 0 9 
45 48 1 6 
53 42 0 5 
48 48 1 3 
42 52 0 6 
46 44 0 10 
45 46 0 9 
48 44 0 8 
43 51 0 6 
39 49 0 12 
37 53 1 9 
43 54 0 3 
40 54 0 6 
45 47 0 8 
47 45 0 8 
50 43 0 7 
39 48 0 13 
41 48 0 11 
44 48 0 8 
48 44 0 8 
40 52 0 8 
40 51 1 8 
45 47 0 8 
43 48 1 8 
37 55 0 8 
35 59 0 6 
45 46 2 7 
43 49 0 8 
48 41 0 11 
45 45 0 10 
40 51 1 8 
50 48 0 2 
39 52 0 9 
46 46 0 8 
34 57 0 9 
43 50 0 7 
38 51 0 11 
39 55 0 6 
50 43 0 7 
45 49 0 6 
37 55 1 7 
44 47 0 9 
41 52 0 7 
40 54 1 5 
37 56 0 7 
43 51 0 6 
50 46 0 4 
41 51 0 8 
42 52 0 6 
41 48 1 10 
37 53 0 10 
43 49 2 6 
43 51 0 6 
38 54 0 8 
36 55 1 8 
45 48 0 7 
38 54 0 8 
49 44 0 7 
41 50 1 8 
38 52 1 9 
41 49 0 10 
40 53 0 7 
36 54 1 9 
42 52 0 6 
41 49 0 10 
46 50 0 4 
34 58 0 8 
36 59 0 5 
32 62 2 4 
38 53 0 9 
37 49 1 13 
39 55 0 6 
33 61 0 6 
39 52 1 8 
44 51 0 5 
41 53 0 6 
50 44 0 6 
41 51 0 8 
54 39 1 6 
41 52 0 7 
42 47 0 11 
46 44 0 10 
44 42 1 13 
40 53 0 7 
51 42 1 6 
54 36 0 10 
33 56 0 11 
46 46 0 8 
46 43 1 10 
38 54 0 8 
42 52 0 6 
44 50 0 6 
37 55 0 8 
41 52 1 6 
50 45 0 5 
39 50 1 10 
41 50 2 7 
44 45 0 11 
44 51 0 5 
44 49 0 7 
40 46 0 14 
42 50 0 8 
45 49 0 6 
50 46 0 4 
48 42 1 9 
35 53 1 11 
45 49 0 6 
36 57 1 6 
40 51 0 9 
43 53 0 4 
42 50 0 8 
41 51 0 8 
42 50 0 8 
40 53 0 7 
42 52 0 6 
49 44 1 6 
44 50 0 6 
37 54 0 9 
35 58 0 7 
39 51 0 10 
47 43 2 8 
46 50 0 4 
38 53 0 9 
46 48 1 5 
39 54 1 6 
45 47 1 7 
37 51 1 11 
44 51 0 5 
39 49 0 12 
42 48 0 10 
52 43 0 5 
41 49 0 10 
44 51 0 5 
48 42 1 9 
48 47 0 5 
39 51 0 10 
37 56 0 7 
45 47 0 8 
44 45 0 11 
32 58 1 9 
44 47 1 8 
46 49 1 4 
36 57 0 7 
39 51 0 10 
48 45 0 7 
38 48 3 11 
43 52 0 5 
45 46 0 9 
36 56 0 8 
51 42 0 7 
47 44 2 7 
45 43 1 11 
45 47 0 8 
40 55 1 4 
51 39 0 10 
35 60 0 5 
36 56 0 8 
40 56 0 4 
48 43 0 9 
43 46 0 11 
43 49 0 8 
48 42 0 10 
41 49 0 10 
29 65 0 6 
41 53 0 6 
45 49 0 6 
39 54 0 7 
48 46 0 6 
40 55 0 5 
43 46 0 11 
31 60 0 9 
43 46 1 10 
41 53 0 6 
39 51 1 9 
47 46 0 7 
43 50 0 7 
42 55 0 3 
48 48 0 4 
47 43 1 9 
39 54 0 7 
38 49 0 13 
45 47 0 8 
39 52 1 8 
41 55 0 4 
38 53 0 9 
44 48 0 8 
37 51 1 11 
56 40 0 4 
35 53 1 11 
52 42 0 6 
34 61 0 5 
42 49 0 9 
39 50 3 8 
46 47 0 7 
41 53 0 6 
36 58 0 6 
38 51 0 11 
40 50 0 10 
39 52 0 9 
39 52 0 9 
51 45 0 4 
45 50 0 5 
40 53 0 7 
44 47 1 8 
36 52 1 11 
37 55 0 8 
40 52 0 8 
40 47 1 12 
46 46 0 8 
36 58 0 6 
41 53 1 5 
36 55 0 9 
40 50 0 10 
41 49 0 10 
44 49 1 6 
44 51 0 5 
34 58 0 8 
42 52 0 6 
44 52 0 4 
50 45 0 5 
40 51 2 7 
43 49 0 8 
56 37 0 7 
45 49 0 6 
38 54 1 7 
34 53 1 12 
45 50 0 5 
39 52 0 9 
37 56 0 7 
42 52 0 6 
43 49 1 7 
41 54 0 5 
44 46 0 10 
43 48 1 8 
50 40 0 10 
44 50 1 5 
44 52 0 4 
45 47 0 8 
43 54 0 3 
48 45 1 6 
39 53 0 8 
38 54 1 7 
39 53 1 7 
34 57 1 8 
37 59 0 4 
53 38 2 7 
45 49 0 6 
39 56 0 5 
43 50 0 7 
47 42 1 10 
39 53 1 7 
47 44 0 9 
41 46 0 13 
49 45 0 6 
42 52 1 5 
43 48 0 9 
48 45 0 7 
37 56 0 7 
33 61 0 6 
48 45 0 7 
46 45 1 8 
35 54 0 11 
35 53 0 12 
40 52 0 8 
43 49 0 8 
34 61 1 4 
39 51 1 9 
37 57 0 6 
35 54 0 11 
41 53 0 6 
53 43 0 4 
40 52 0 8 
34 58 0 8 
38 54 1 7 
38 51 0 11 
46 47 0 7 
44 48 0 8 
37 53 0 10 
38 55 1 6 
46 47 0 7 
44 47 0 9 
40 51 0 9 
39 52 0 9 
45 45 0 10 
47 47 1 5 
41 49 0 10 
43 50 0 7 
48 46 0 6 
36 58 0 6 
37 55 1 7 
39 56 0 5 
46 49 0 5 
48 44 0 8 
40 56 1 3 
39 48 0 13 
41 52 1 6 
39 53 0 8 
47 47 0 6 
41 54 0 5 
41 51 0 8 
43 53 1 3 
47 47 0 6 
40 52 0 8 
41 52 0 7 
39 54 0 7 
45 47 1 7 
45 49 1 5 
40 54 1 5 
41 52 0 7 
42 49 0 9 
43 47 0 10 
44 51 0 5 
44 47 0 9 
33 61 0 6 
44 46 0 10 
48 44 0 8 
42 53 0 5 
46 47 1 6 
43 50 0 7 
46 45 1 8 
32 60 0 8 
34 59 1 6 
53 42 0 5 
39 48 1 12 
51 40 0 9 
40 52 0 8 
38 56 0 6 
42 50 1 7 
36 55 0 9 
37 58 0 5 
38 55 1 6 
47 43 0 10 
44 52 0 4 
43 52 0 5 
36 53 0 11 
39 53 0 8 
38 55 0 7 
43 49 0 8 
39 49 1 11 
41 48 0 11 
40 53 2 5 
37 53 1 9 
41 52 0 7 
47 48 1 4 
41 49 0 10 
42 53 0 5 
48 43 0 9 
34 57 0 9 
47 48 0 5 
45 45 0 10 
34 62 0 4 
36 56 0 8 
34 59 2 5 
44 49 0 7 
39 55 0 6 
50 43 0 7 
41 52 1 6 
44 47 0 9 
41 50 0 9 
42 50 0 8 
37 56 0 7 
34 59 0 7 
48 47 0 5 
37 58 0 5 
43 50 0 7 
40 53 0 7 
45 47 0 8 
38 59 0 3 
39 51 0 10 
38 54 0 8 
46 49 1 4 
31 61 0 8 
33 58 0 9 
38 56 0 6 
34 58 1 7 
43 48 0 9 
41 49 1 9 
45 50 0 5 
47 48 0 5 
52 38 0 10 
40 54 0 6 
41 51 0 8 
40 54 1 5 
42 51 0 7 
43 51 0 6 
42 54 0 4 
44 47 1 8 
38 56 0 6 
46 48 0 6 
44 47 1 8 
43 51 0 6 
41 47 0 12 
38 49 2 11 
35 58 0 7 
49 45 1 5 
46 47 1 6 
47 42 0 11 
45 47 0 8 
47 40 1 12 
43 46 0 11 
43 47 0 10 
42 50 0 8 
40 54 0 6 
46 45 0 9 
35 60 0 5 
48 47 1 4 
46 48 0 6 
38 56 1 5 
49 44 0 7 
44 49 1 6 
39 52 0 9 
46 48 0 6 
38 50 2 10 
47 48 0 5 
47 44 0 9 
45 52 0 3 
38 56 0 6 
38 57 0 5 
42 49 0 9 
47 45 0 8 
40 53 0 7 
39 53 0 8 
39 53 0 8 
42 51 0 7 
37 57 0 6 
38 52 0 10 
42 53 0 5 
39 54 0 7 
43 51 0 6 
40 52 0 8 
36 57 0 7 
48 44 2 6 
39 52 0 9 
43 50 1 6 
37 53 1 9 
43 47 0 10 
37 53 1 9 
45 48 0 7 
32 60 0 8 
46 49 0 5 
39 56 1 4 
45 48 0 7 
38 59 0 3 
38 52 0 10 
37 54 1 8 
50 46 0 4 
36 58 0 6 
52 42 0 6 
43 49 0 8 
33 56 0 11 
44 47 1 8 
42 53 0 5 
26 66 0 8 
40 53 1 6 
44 46 0 10 
36 56 0 8 
42 50 0 8 
35 58 0 7 
37 55 0 8 
42 47 0 11 
43 51 0 6 
35 53 0 12 
44 49 0 7 
40 52 1 7 
36 59 0 5 
34 55 0 11 
43 49 0 8 
37 57 0 6 
35 57 0 8 
44 46 0 10 
35 56 1 8 
35 56 2 7 
39 55 1 5 
40 54 0 6 
43 47 1 9 
36 56 2 6 
44 48 0 8 
40 52 1 7 
33 60 0 7 
37 53 0 10 
36 55 0 9 
45 47 0 8 
28 65 0 7 
37 55 1 7 
45 49 0 6 
46 44 0 10 
40 51 1 8 
39 49 2 10 
39 56 0 5 
45 46 0 9 
46 46 0 8 
40 51 1 8 
45 47 0 8 
46 44 0 10 
39 54 0 7 
48 46 1 5 
46 45 0 9 
42 52 0 6 
51 40 1 8 
32 61 1 6 
38 53 0 9 
46 46 0 8 
37 55 1 7 
45 44 0 11 
37 58 0 5 
46 45 0 9 
47 45 0 8 
42 50 0 8 
37 55 0 8 
43 49 1 7 
50 43 1 6 
49 44 1 6 
43 49 0 8 
32 61 0 7 
44 48 0 8 
49 44 0 7 
43 50 1 6 
45 46 0 9 
31 62 0 7 
41 49 0 10 
39 53 0 8 
41 54 0 5 
45 48 0 7 
37 56 0 7 
30 61 0 9 
45 44 2 9 
38 55 0 7 
46 51 0 3 
47 49 0 4 
42 50 0 8 
44 47 0 9 
44 50 1 5 
47 47 0 6 
44 53 0 3 
42 50 0 8 
47 49 0 4 
40 54 0 6 
43 49 1 7 
43 51 0 6 
43 50 0 7 
47 42 0 11 
41 46 0 13 
43 46 0 11 
36 54 0 10 
37 54 0 9 
51 44 0 5 
43 50 0 7 
46 47 0 7 
52 42 0 6 
39 53 0 8 
40 48 0 12 
42 51 1 6 
43 52 0 5 
43 52 1 4 
49 47 0 4 
46 47 0 7 
45 47 0 8 
43 50 1 6 
49 46 0 5 
46 48 0 6 
41 49 0 10 
43 50 0 7 
44 48 0 8 
41 50 1 8 
40 53 0 7 
46 42 0 12 
40 54 0 6 
42 52 2 4 
38 51 0 11 
44 49 0 7 
38 50 0 12 
38 55 0 7 
44 47 0 9 
35 51 2 12 
49 43 0 8 
40 52 0 8 
42 47 1 10 
43 50 0 7 
39 55 0 6 
51 40 0 9 
40 52 0 8 
38 53 0 9 
46 44 0 10 
44 46 0 10 
51 41 1 7 
40 55 0 5 
46 51 0 3 
40 50 0 10 
38 50 0 12 
49 43 0 8 
39 52 0 9 
44 49 0 7 
42 52 0 6 
45 47 0 8 
50 41 0 9 
42 53 0 5 
42 50 1 7 
53 42 0 5 
47 50 0 3 
41 54 0 5 
40 51 0 9 
47 46 0 7 
50 41 0 9 
48 46 0 6 
42 50 0 8 
52 45 0 3 
32 58 0 10 
41 50 0 9 
46 46 0 8 
44 46 0 10 
38 57 1 4 
39 54 0 7 
37 52 0 11 
39 50 0 11 
42 54 0 4 
39 53 1 7 
53 42 1 4 
49 40 0 11 
39 50 0 11 
37 56 0 7 
44 48 2 6 
41 49 1 9 
44 52 0 4 
52 43 0 5 
49 44 3 4 
36 54 0 10 
44 44 2 10 
38 53 1 8 
48 46 0 6 
39 54 0 7 
40 54 0 6 
41 50 0 9 
45 49 0 6 
39 57 0 4 
43 47 1 9 
45 47 0 8 
44 48 1 7 
39 54 1 6 
45 48 0 7 
43 53 0 4 
43 45 0 12 
38 54 0 8 
35 55 0 10 
39 53 0 8 
40 50 0 10 
48 44 0 8 
34 57 1 8 
45 48 0 7 
42 52 0 6 
41 55 0 4 
51 41 0 8 
48 46 0 6 
40 55 1 4 
41 48 1 10 
35 54 0 11 
35 51 0 14 
49 43 0 8 
37 54 0 9 
42 50 0 8 
42 49 1 8 
43 48 1 8 
41 48 0 11 
42 52 0 6 
42 51 0 7 
47 49 0 4 
44 48 0 8 
39 53 1 7 
42 45 0 13 
45 44 0 11 
47 47 0 6 
33 57 0 10 
49 43 0 8 
47 46 0 7 
46 47 0 7 
40 56 0 4 
37 55 1 7 
49 41 0 10 
39 51 0 10 
45 46 0 9 
44 48 1 7 
36 53 0 11 
43 50 1 6 
50 44 0 6 
44 53 0 3 
35 51 1 13 
40 52 0 8 
43 48 1 8 
45 48 0 7 
41 52 0 7 
40 52 0 8 
43 49 0 8 
36 54 0 10 
43 52 0 5 
39 52 0 9 
38 54 0 8 
48 47 0 5 
46 46 0 8 
42 52 0 6 
38 55 0 7 
36 56 0 8 
43 46 0 11 
46 48 0 6 
45 50 1 4 
43 50 1 6 
37 54 2 7 
46 49 0 5 
33 60 1 6 
37 59 0 4 
41 52 0 7 
39 55 0 6 
43 50 0 7 
48 44 0 8 
41 50 0 9 
40 51 1 8 
56 36 0 8 
47 47 1 5 
40 49 1 10 
42 52 0 6 
51 41 1 7 
48 40 1 11 
42 52 0 6 
45 51 0 4 
39 50 0 11 
43 53 0 4 
37 56 1 6 
45 50 0 5 
54 40 0 6 
34 59 0 7 
40 55 0 5 
42 52 0 6 
44 51 0 5 
43 50 0 7 
45 48 0 7 
35 58 0 7 
42 50 0 8 
49 41 0 10 
44 49 1 6 
40 54 0 6 
38 56 0 6 
34 58 0 8 
41 52 0 7 
43 47 1 9 
42 51 0 7 
47 48 0 5 
34 58 0 8 
48 42 1 9 
39 50 1 10 
50 45 0 5 
47 44 0 9 
47 42 0 11 
40 48 1 11 
42 44 0 14 
46 45 0 9 
43 53 0 4 
47 49 0 4 
38 58 0 4 
39 55 1 5 
44 48 0 8 
44 48 0 8 
44 48 0 8 
45 45 0 10 
44 51 0 5 
55 41 0 4 
32 66 0 2 
42 51 0 7 
43 44 1 12 
38 56 0 6 
43 45 0 12 
44 48 0 8 
43 50 1 6 
45 51 0 4 
37 58 0 5 
42 54 0 4 
38 54 1 7 
38 54 1 7 
39 53 0 8 
40 53 0 7 
39 53 1 7 
46 49 0 5 
43 46 0 11 
41 53 0 6 
35 62 0 3 
42 46 1 11 
52 43 0 5 
46 46 0 8 
39 53 1 7 
47 46 0 7 
39 56 0 5 
42 51 0 7 
34 58 0 8 
37 58 0 5 
40 54 2 4 
41 53 0 6 
36 55 0 9 
49 43 1 7 
46 46 0 8 
44 52 0 4 
41 52 0 7 
42 52 1 5 
44 48 0 8 
40 51 0 9 
44 50 0 6 
37 57 0 6 
44 48 0 8 
37 55 0 8 
36 51 0 13 
37 59 0 4 
51 44 0 5 
47 49 0 4 
50 45 0 5 
38 54 0 8 
36 57 0 7 
53 41 0 6 
33 56 0 11 
50 43 0 7 
36 60 0 4 
44 52 0 4 
44 49 1 6 
46 47 0 7 
43 46 0 11 
44 51 0 5 
50 44 0 6 
50 39 1 10 
42 50 0 8 
48 44 0 8 
39 54 0 7 
33 61 0 6 
38 54 0 8 
41 52 0 7 
48 47 0 5 
35 56 1 8 
42 53 0 5 
37 51 1 11 
44 50 0 6 
40 48 0 12 
41 53 0 6 
39 53 1 7 
44 47 1 8 
44 48 0 8 
42 49 1 8 
44 47 0 9 
35 59 1 5 
36 51 0 13 
39 55 0 6 
40 49 0 11 
44 51 0 5 
46 43 0 11 
41 53 0 6 
38 57 0 5 
40 55 0 5 
40 54 0 6 
44 51 0 5 
48 43 0 9 
41 55 0 4 
43 50 0 7 
43 48 0 9 
49 40 0 11 
40 53 0 7 
41 52 0 7 
38 52 0 10 
46 42 0 12 
44 51 1 4 
44 50 0 6 
39 55 0 6 
39 52 0 9 
39 56 0 5 
43 45 0 12 
34 56 1 9 
35 59 0 6 
46 49 0 5 
38 53 0 9 
43 44 2 11 
44 48 0 8 
34 61 0 5 
40 53 0 7 
47 44 0 9 
52 45 0 3 
36 59 0 5 
37 59 0 4 
44 48 0 8 
40 52 0 8 
37 56 0 7 
49 42 0 9 
43 52 0 5 
39 52 2 7 
44 45 1 10 
46 46 0 8 
40 52 0 8 
43 49 1 7 
45 48 0 7 
42 49 0 9 
39 53 1 7 
44 47 0 9 
46 49 0 5 
42 49 0 9 
46 47 0 7 
41 54 0 5 
41 49 1 9 
39 55 0 6 
37 55 0 8 
42 51 0 7 
45 49 0 6 
37 59 0 4 
39 49 0 12 
37 55 0 8 
36 52 0 12 
46 46 0 8 
35 59 0 6 
39 50 1 10 
49 45 0 6 
45 46 0 9 
44 48 1 7 
40 54 0 6 
45 47 0 8 
37 54 0 9 
42 49 0 9 
34 58 0 8 
42 50 0 8 
44 43 0 13 
52 43 0 5 
38 55 1 6 
46 48 0 6 
42 53 0 5 
47 45 0 8 
43 49 0 8 
42 46 0 12 
46 41 0 13 
45 47 1 7 
37 55 0 8 
40 51 0 9 
44 51 0 5 
46 45 1 8 
46 48 0 6 
46 46 1 7 
45 46 0 9 
38 54 1 7 
39 53 0 8 
39 48 0 13 
38 56 0 6 
42 53 2 3 
36 57 0 7 
40 53 0 7 
33 61 2 4 
45 49 0 6 
42 46 2 10 
36 51 1 12 
42 52 0 6 
40 49 0 11 
41 53 0 6 
42 50 1 7 
45 48 0 7 
49 44 0 7 
46 49 1 4 
39 55 0 6 
41 46 1 12 
37 53 0 10 
40 54 0 6 
47 43 1 9 
35 55 1 9 
47 42 1 10 
45 47 0 8 
34 58 0 8 
46 43 0 11 
36 50 2 12 
41 53 0 6 
43 52 1 4 
34 59 0 7 
40 52 1 7 
42 46 0 12 
45 47 0 8 
40 48 0 12 
39 52 0 9 
43 51 0 6 
39 56 0 5 
41 50 1 8 
44 49 0 7 
44 50 0 6 
36 55 0 9 
45 47 0 8 
40 51 0 9 
42 53 0 5 
41 51 0 8 
44 49 0 7 
35 58 1 6 
42 51 0 7 
41 52 0 7 
48 47 0 5 
40 49 1 10 
41 49 0 10 
43 52 0 5 
47 46 0 7 
41 52 0 7 
38 52 0 10 
42 50 0 8 
46 45 0 9 
44 49 0 7 
48 44 0 8 
50 40 1 9 
43 53 0 4 
41 51 0 8 
45 51 1 3 
49 42 0 9 
43 50 1 6 
47 48 0 5 
36 52 0 12 
43 45 0 12 
46 45 0 9 
45 48 1 6 
43 44 2 11 
44 47 0 9 
45 48 0 7 
43 51 1 5 
45 48 1 6 
39 49 1 11 
46 48 0 6 
42 50 0 8 
33 54 1 12 
44 51 0 5 
40 47 2 11 
41 48 2 9 
35 57 1 7 
36 58 0 6 
41 52 0 7 
44 48 0 8 
44 47 0 9 
37 55 1 7 
51 43 0 6 
47 46 0 7 
33 60 0 7 
45 48 0 7 
46 45 0 9 
40 55 0 5 
52 41 0 7 
43 48 0 9 
43 52 0 5 
48 46 0 6 
36 55 2 7 
41 51 0 8 
35 52 0 13 
42 51 0 7 
40 50 0 10 
39 56 0 5 
36 56 0 8 
46 47 1 6 
36 56 0 8 
43 49 0 8 
46 47 0 7 
44 48 1 7 
41 53 0 6 
45 46 0 9 
39 54 1 6 
41 49 1 9 
41 51 0 8 
43 50 0 7 
40 55 0 5 
41 51 0 8 
39 54 0 7 
33 60 2 5 
44 51 0 5 
42 48 0 10 
38 57 0 5 
37 53 0 10 
41 53 0 6 
43 52 0 5 
49 45 1 5 
39 50 0 11 
42 51 0 7 
47 47 0 6 
38 57 0 5 
43 50 0 7 
42 47 0 11 
43 49 0 8 
40 52 0 8 
41 54 0 5 
42 52 0 6 
46 49 0 5 
40 53 0 7 
44 48 0 8 
43 46 0 11 
44 48 1 7 
41 50 0 9 
43 50 0 7 
44 47 0 9 
42 52 0 6 
51 44 0 5 
45 48 0 7 
37 57 0 6 
45 46 0 9 
42 52 0 6 
39 55 0 6 
40 52 1 7 
38 53 0 9 
38 55 0 7 
50 42 0 8 
44 50 0 6 
44 51 1 4 
48 45 0 7 
34 59 1 6 
45 49 0 6 
45 45 0 10 
45 47 1 7 
41 49 0 10 
42 46 0 12 
43 54 0 3 
49 46 0 5 
43 49 0 8 
40 52 0 8 
38 52 0 10 
46 47 0 7 
42 46 0 12 
40 55 0 5 
45 50 0 5 
43 49 0 8 
42 54 1 3 
45 45 1 9 
46 45 0 9 
35 55 0 10 
37 54 0 9 
48 42 0 10 
42 50 0 8 
33 57 0 10 
41 51 0 8 
35 57 0 8 
43 48 0 9 
39 52 1 8 
46 46 0 8 
43 48 0 9 
42 53 0 5 
45 48 0 7 
45 47 1 7 
41 47 1 11 
46 48 0 6 
49 44 0 7 
32 61 0 7 
43 47 0 10 
41 53 0 6 
42 49 1 8 
41 52 0 7 
35 55 0 10 
41 53 0 6 
38 52 0 10 
45 47 0 8 
38 56 0 6 
47 47 0 6 
42 52 0 6 
33 58 1 8 
42 48 1 9 
42 53 0 5 
48 44 0 8 
43 49 0 8 
39 52 1 8 
36 57 0 7 
43 50 0 7 
38 54 1 7 
43 48 0 9 
43 54 0 3 
44 48 1 7 
34 54 0 12 
38 53 0 9 
36 55 2 7 
36 56 0 8 
44 44 0 12 
44 49 1 6 
37 54 1 8 
44 50 2 4 
47 44 0 9 
38 50 2 10 
43 47 0 10 
40 56 0 4 
50 44 0 6 
53 43 0 4 
38 57 0 5 
39 53 0 8 
41 50 0 9 
45 45 0 10 
49 41 1 9 
33 54 0 13 
37 53 0 10 
47 47 1 5 
48 43 0 9 
38 53 0 9 
47 48 0 5 
35 56 0 9 
37 56 0 7 
32 61 0 7 
35 61 0 4 
43 48 0 9 
39 51 0 10 
44 49 0 7 
39 55 1 5 
42 52 0 6 
43 48 0 9 
42 46 0 12 
40 54 0 6 
46 47 2 5 
48 46 1 5 
39 55 0 6 
31 61 0 8 
49 43 0 8 
50 46 1 3 
44 50 0 6 
42 51 0 7 
44 52 0 4 
34 61 0 5 
34 60 0 6 
35 55 1 9 
37 56 0 7 
55 41 0 4 
45 51 1 3 
39 52 1 8 
43 50 0 7 
44 48 0 8 
40 49 0 11 
44 49 0 7 
40 55 0 5 
40 47 0 13 
36 58 1 5 
38 55 0 7 
50 41 0 9 
43 50 0 7 
39 55 0 6 
43 47 0 10 
49 44 0 7 
38 55 1 6 
46 45 1 8 
51 42 0 7 
35 57 0 8 
46 47 0 7 
43 47 0 10 
44 51 0 5 
40 52 0 8 
37 54 0 9 
44 47 0 9 
38 54 0 8 
41 46 0 13 
52 40 1 7 
43 48 0 9 
43 49 1 7 
50 43 1 6 
49 41 1 9 
41 52 0 7 
41 48 1 10 
41 52 0 7 
47 46 0 7 
43 53 0 4 
32 61 0 7 
41 51 0 8 
39 55 0 6 
43 51 0 6 
39 50 0 11 
47 48 1 4 
33 56 0 11 
40 47 1 12 
33 60 0 7 
44 50 0 6 
44 46 1 9 
47 49 0 4 
44 49 0 7 
33 58 1 8 
41 52 0 7 
48 38 1 13 
46 44 0 10 
45 45 0 10 
47 50 0 3 
49 46 2 3 
40 50 2 8 
31 64 0 5 
50 46 0 4 
41 52 2 5 
39 52 0 9 
38 53 0 9 
43 51 0 6 
45 50 0 5 
47 44 0 9 
40 51 2 7 
44 48 0 8 
48 42 0 10 
38 54 0 8 
43 50 0 7 
39 56 0 5 
35 58 0 7 
43 52 0 5 
38 56 0 6 
34 58 0 8 
52 43 0 5 
41 48 0 11 
47 44 1 8 
45 47 1 7 
41 48 0 11 
43 47 1 9 
41 46 0 13 
45 45 0 10 
42 49 0 9 
39 51 0 10 
42 51 0 7 
42 46 0 12 
44 49 0 7 
36 53 0 11 
40 53 0 7 
40 50 0 10 
44 51 0 5 
34 57 0 9 
41 56 0 3 
43 51 1 5 
44 48 0 8 
40 47 0 13 
42 52 0 6 
41 49 1 9 
38 54 0 8 
51 43 0 6 
45 47 0 8 
36 59 0 5 
50 47 0 3 
46 48 0 6 
43 49 0 8 
43 51 0 6 
40 51 1 8 
43 50 0 7 
42 52 0 6 
47 44 0 9 
42 51 0 7 
40 49 0 11 
39 54 0 7 
39 48 0 13 
42 51 1 6 
43 49 1 7 
43 45 0 12 
46 48 0 6 
55 39 0 6 
45 50 0 5 
35 55 0 10 
49 44 0 7 
45 48 0 7 
41 53 0 6 
41 50 0 9 
44 48 0 8 
44 44 2 10 
34 54 1 11 
41 52 0 7 
38 52 1 9 
39 55 0 6 
51 38 1 10 
35 53 1 11 
48 46 0 6 
40 52 1 7 
37 52 0 11 
42 51 0 7 
42 47 0 11 
47 44 0 9 
48 45 0 7 
32 65 0 3 
41 50 0 9 
46 45 0 9 
38 54 0 8 
54 40 0 6 
38 53 1 8 
39 51 0 10 
35 56 0 9 
37 55 0 8 
39 52 0 9 
33 58 3 6 
37 57 0 6 
39 54 0 7 
39 53 0 8 
40 53 0 7 
42 51 0 7 
43 46 0 11 
43 49 0 8 
46 42 0 12 
33 57 1 9 
36 57 1 6 
46 46 0 8 
39 52 0 9 
41 52 2 5 
46 47 0 7 
47 46 0 7 
44 47 1 8 
45 49 0 6 
40 53 0 7 
35 58 0 7 
39 51 0 10 
49 43 1 7 
48 47 0 5 
41 52 0 7 
45 47 0 8 
43 47 0 10 
45 48 0 7 
38 50 1 11 
43 50 0 7 
51 42 0 7 
42 52 1 5 
39 55 1 5 
39 55 0 6 
58 38 0 4 
38 49 0 13 
40 54 1 5 
44 52 0 4 
38 53 1 8 
35 59 0 6 
40 49 1 10 
47 48 0 5 
47 44 0 9 
40 51 0 9 
39 51 0 10 
38 57 0 5 
40 55 0 5 
51 39 0 10 
46 49 0 5 
42 46 0 12 
32 59 0 9 
44 49 0 7 
48 48 0 4 
36 54 0 10 
48 44 0 8 
43 48 0 9 
39 51 0 10 
38 51 1 10 
41 54 0 5 
47 47 0 6 
43 53 0 4 
43 49 0 8 
44 45 1 10 
52 34 0 14 
43 49 0 8 
41 48 1 10 
43 49 0 8 
35 58 0 7 
33 59 0 8 
42 48 1 9 
45 50 0 5 
44 53 0 3 
46 46 0 8 
43 47 1 9 
37 55 0 8 
47 44 0 9 
39 54 0 7 
49 39 0 12 
34 55 0 11 
37 58 0 5 
44 47 0 9 
46 50 0 4 
34 61 0 5 
46 48 0 6 
40 54 0 6 
35 55 0 10 
53 42 0 5 
41 52 0 7 
45 49 0 6 
42 52 1 5 
36 56 1 7 
37 54 1 8 
50 42 1 7 
44 46 0 10 
43 48 0 9 
44 47 0 9 
39 55 1 5 
42 47 1 10 
43 50 0 7 
50 46 0 4 
39 57 0 4 
43 51 0 6 
32 61 0 7 
42 51 0 7 
45 46 0 9 
46 48 0 6 
47 45 0 8 
52 42 0 6 
37 56 1 6 
38 51 0 11 
45 44 0 11 
41 49 0 10 
49 43 1 7 
37 54 0 9 
43 49 0 8 
47 44 0 9 
43 46 0 11 
37 57 0 6 
45 48 0 7 
44 49 0 7 
35 57 0 8 
48 48 0 4 
46 49 0 5 
36 56 1 7 
39 54 0 7 
34 56 2 8 
36 55 2 7 
45 48 0 7 
49 42 1 8 
39 52 0 9 
40 52 1 7 
41 54 0 5 
34 57 0 9 
47 47 1 5 
42 54 0 4 
38 54 0 8 
42 51 0 7 
39 52 0 9 
42 52 1 5 
41 49 1 9 
35 53 0 12 
41 55 0 4 
49 44 0 7 
39 50 0 11 
40 54 0 6 
41 55 0 4 
51 43 0 6 
46 46 0 8 
40 53 0 7 
43 49 0 8 
34 53 1 12 
37 53 0 10 
41 54 0 5 
54 43 0 3 
39 53 1 7 
42 53 0 5 
43 49 0 8 
40 50 1 9 
40 50 2 8 
47 40 0 13 
39 55 0 6 
38 51 0 11 
42 48 0 10 
41 46 1 12 
40 55 1 4 
44 50 0 6 
42 52 1 5 
51 41 1 7 
42 51 1 6 
40 55 0 5 
46 48 0 6 
46 44 0 10 
45 53 0 2 
44 49 0 7 
40 53 0 7 
38 55 0 7 
39 56 0 5 
42 50 1 7 
36 59 1 4 
46 45 0 9 
39 54 1 6 
42 50 0 8 
41 54 0 5 
40 52 0 8 
47 48 0 5 
39 54 0 7 
49 44 0 7 
43 51 0 6 
47 48 0 5 
34 57 2 7 
36 53 0 11 
50 42 0 8 
47 44 0 9 
43 47 0 10 
48 44 0 8 
36 57 0 7 
36 54 1 9 
44 50 1 5 
37 54 1 8 
41 47 0 12 
37 57 1 5 
41 52 0 7 
41 53 0 6 
36 54 0 10 
48 43 0 9 
42 52 0 6 
38 56 0 6 
41 52 0 7 
37 52 1 10 
43 47 0 10 
39 48 2 11 
34 52 0 14 
42 54 0 4 
49 45 0 6 
41 53 0 6 
45 47 0 8 
51 41 0 8 
40 53 1 6 
44 48 0 8 
39 50 0 11 
42 54 0 4 
46 48 1 5 
47 46 0 7 
44 48 0 8 
44 46 0 10 
43 50 0 7 
40 55 0 5 
36 55 0 9 
45 49 0 6 
35 59 0 6 
48 48 0 4 
44 50 0 6 
46 48 0 6 
33 61 0 6 
46 44 2 8 
46 48 0 6 
33 61 0 6 
43 52 0 5 
38 52 0 10 
47 46 1 6 
30 61 0 9 
50 44 0 6 
38 54 0 8 
38 54 1 7 
46 43 1 10 
38 55 1 6 
38 53 1 8 
47 47 1 5 
46 49 0 5 
43 49 1 7 
44 52 0 4 
45 48 0 7 
38 54 0 8 
39 54 0 7 
41 50 0 9 
42 48 0 10 
45 47 0 8 
43 49 1 7 
50 44 0 6 
43 52 0 5 
42 55 0 3 
35 59 0 6 
37 52 0 11 
31 56 1 12 
41 50 1 8 
45 45 0 10 
44 49 0 7 
47 44 1 8 
31 61 0 8 
43 52 0 5 
43 47 0 10 
42 53 0 5 
42 53 0 5 
43 46 1 10 
32 59 0 9 
37 60 0 3 
38 55 0 7 
41 48 0 11 
50 45 0 5 
49 44 0 7 
46 48 0 6 
33 61 0 6 
40 48 0 12 
43 51 0 6 
43 51 0 6 
45 48 0 7 
38 55 0 7 
43 48 0 9 
40 49 0 11 
42 51 0 7 
39 54 0 7 
41 52 0 7 
44 50 0 6 
42 50 0 8 
47 43 0 10 
42 53 0 5 
39 50 1 10 
45 47 1 7 
45 47 0 8 
36 53 2 9 
39 56 1 4 
47 48 0 5 
44 52 0 4 
48 45 0 7 
42 47 0 11 
39 53 1 7 
48 46 0 6 
48 39 0 13 
46 45 0 9 
37 54 0 9 
43 51 0 6 
39 53 0 8 
38 52 1 9 
38 55 0 7 
40 51 0 9 
45 49 0 6 
42 51 0 7 
43 51 0 6 
38 54 0 8 
44 47 0 9 
47 44 0 9 
46 45 0 9 
50 42 0 8 
41 51 0 8 
33 63 0 4 
37 51 0 12 
44 47 0 9 
36 56 0 8 
45 46 1 8 
44 49 1 6 
46 43 0 11 
44 49 0 7 
42 46 1 11 
46 43 0 11 
49 41 1 9 
47 44 0 9 
43 51 0 6 
39 55 1 5 
42 51 1 6 
41 54 0 5 
38 56 0 6 
46 46 0 8 
41 53 0 6 
39 52 0 9 
49 42 0 9 
44 48 0 8 
45 44 1 10 
37 53 0 10 
40 52 0 8 
49 47 1 3 
52 40 0 8 
44 49 1 6 
40 51 0 9 
47 47 0 6 
37 56 0 7 
44 47 0 9 
44 52 0 4 
43 49 0 8 
44 52 0 4 
44 48 0 8 
45 48 0 7 
41 49 1 9 
37 57 1 5 
40 54 1 5 
40 50 0 10 
42 49 1 8 
40 49 0 11 
41 55 0 4 
48 44 0 8 
41 54 1 4 
44 50 1 5 
39 52 0 9 
41 51 0 8 
43 50 0 7 
43 52 0 5 
42 52 0 6 
41 52 0 7 
28 59 0 13 
43 50 0 7 
38 51 1 10 
38 52 1 9 
42 49 1 8 
46 44 0 10 
40 45 1 14 
43 51 0 6 
42 53 0 5 
33 59 0 8 
41 54 0 5 
41 54 0 5 
54 41 0 5 
42 52 0 6 
41 52 0 7 
43 49 0 8 
43 45 0 12 
52 43 0 5 
39 50 0 11 
35 51 0 14 
40 55 0 5 
41 49 0 10 
36 57 0 7 
40 48 0 12 
45 46 1 8 
39 55 0 6 
37 56 0 7 
42 53 0 5 
39 52 0 9 
43 50 1 6 
42 54 0 4 
45 47 2 6 
43 51 0 6 
48 42 0 10 
35 58 0 7 
31 64 0 5 
40 48 1 11 
40 51 0 9 
39 57 0 4 
41 51 0 8 
53 43 0 4 
44 53 0 3 
45 47 0 8 
46 42 0 12 
47 48 1 4 
42 51 0 7 
36 55 0 9 
37 55 0 8 
33 58 0 9 
42 49 0 9 
38 51 1 10 
36 54 0 10 
41 51 0 8 
39 56 0 5 
41 52 1 6 
44 49 0 7 
45 48 0 7 
43 46 0 11 
49 43 0 8 
33 57 0 10 
43 50 0 7 
42 48 0 10 
42 51 1 6 
44 49 0 7 
34 63 0 3 
37 59 1 3 
51 43 1 5 
43 49 0 8 
41 48 0 11 
49 44 0 7 
36 52 0 12 
33 58 0 9 
33 57 0 10 
38 51 0 11 
48 45 0 7 
35 56 0 9 
49 46 0 5 
37 57 0 6 
48 45 0 7 
44 50 0 6 
42 50 0 8 
39 52 0 9 
46 50 0 4 
47 45 1 7 
42 51 0 7 
43 48 0 9 
34 59 0 7 
41 47 0 12 
45 47 1 7 
36 57 1 6 
44 48 0 8 
47 50 0 3 
38 55 0 7 
42 50 0 8 
46 45 0 9 
40 53 0 7 
42 51 2 5 
35 58 0 7 
39 54 0 7 
34 64 0 2 
44 49 0 7 
43 51 0 6 
45 48 0 7 
40 53 2 5 
51 44 0 5 
48 44 1 7 
56 39 1 4 
35 56 0 9 
40 52 0 8 
39 53 2 6 
43 50 0 7 
44 50 0 6 
41 56 0 3 
39 51 0 10 
42 49 0 9 
36 54 0 10 
47 49 1 3 
41 46 0 13 
37 56 0 7 
42 50 0 8 
35 57 0 8 
45 44 0 11 
34 58 0 8 
43 52 0 5 
38 54 0 8 
42 51 1 6 
45 48 0 7 
43 53 1 3 
47 50 0 3 
47 47 0 6 
46 47 0 7 
39 52 2 7 
40 52 0 8 
37 58 0 5 
47 46 1 6 
41 46 0 13 
38 56 0 6 
43 51 1 5 
45 43 2 10 
43 48 0 9 
38 54 1 7 
41 49 1 9 
43 50 0 7 
47 46 0 7 
41 47 0 12 
46 47 0 7 
39 43 0 18 
48 44 0 8 
44 48 1 7 
49 44 1 6 
41 52 0 7 
38 50 0 12 
38 55 0 7 
48 45 0 7 
41 50 0 9 
41 49 0 10 
36 53 0 11 
40 53 0 7 
51 41 1 7 
46 47 0 7 
36 54 0 10 
41 51 1 7 
40 50 0 10 
46 43 0 11 
46 47 0 7 
38 57 0 5 
38 56 0 6 
45 49 0 6 
46 46 0 8 
38 53 0 9 
41 46 0 13 
35 53 1 11 
44 52 0 4 
35 59 0 6 
36 57 0 7 
38 53 2 7 
40 52 0 8 
38 58 0 4 
46 46 0 8 
44 49 0 7 
50 40 1 9 
33 59 1 7 
45 50 0 5 
47 42 0 11 
50 46 0 4 
49 46 0 5 
44 47 0 9 
38 53 0 9 
42 49 0 9 
43 51 1 5 
44 50 0 6 
44 51 1 4 
42 52 0 6 
47 47 1 5 
43 49 0 8 
42 51 0 7 
43 46 1 10 
46 48 0 6 
39 52 0 9 
35 54 0 11 
48 43 1 8 
40 54 1 5 
35 56 1 8 
45 47 0 8 
45 46 0 9 
36 56 0 8 
44 49 0 7 
44 51 0 5 
49 42 1 8 
41 54 0 5 
40 51 0 9 
39 53 0 8 
44 48 0 8 
44 49 0 7 
39 54 1 6 
40 50 0 10 
41 51 0 8 
47 44 0 9 
46 47 0 7 
49 45 0 6 
40 52 0 8 
35 58 0 7 
40 52 1 7 
38 52 2 8 
43 51 0 6 
39 51 1 9 
42 53 0 5 
48 43 0 9 
35 58 1 6 
40 51 0 9 
41 52 2 5 
42 53 1 4 
42 50 0 8 
43 49 0 8 
39 51 0 10 
38 53 0 9 
40 51 0 9 
45 49 0 6 
41 51 1 7 
47 47 0 6 
38 55 0 7 
37 57 0 6 
44 51 0 5 
37 56 0 7 
38 57 1 4 
43 51 0 6 
39 50 0 11 
46 51 0 3 
41 50 0 9 
51 39 0 10 
41 55 0 4 
41 51 0 8 
44 42 2 12 
49 44 0 7 
42 52 0 6 
40 52 0 8 
45 50 1 4 
39 56 0 5 
46 46 0 8 
40 54 1 5 
34 58 0 8 
44 51 1 4 
41 50 0 9 
47 43 0 10 
36 57 0 7 
39 54 0 7 
40 52 1 7 
48 46 0 6 
45 50 0 5 
43 51 0 6 
37 51 0 12 
40 53 0 7 
48 42 0 10 
40 51 1 8 
42 48 0 10 
44 49 0 7 
36 58 0 6 
44 50 1 5 
45 49 0 6 
51 43 0 6 
35 58 0 7 
46 47 0 7 
38 56 0 6 
42 49 1 8 
43 49 0 8 
38 54 0 8 
49 46 0 5 
42 54 0 4 
34 57 1 8 
42 51 0 7 
42 50 0 8 
46 45 1 8 
36 53 0 11 
48 46 1 5 
40 51 0 9 
41 50 0 9 
40 52 0 8 
38 49 0 13 
38 56 0 6 
38 58 0 4 
44 52 0 4 
41 51 0 8 
47 46 0 7 
38 53 0 9 
42 51 0 7 
34 60 1 5 
46 50 0 4 
43 48 0 9 
44 49 0 7 
43 49 2 6 
47 41 1 11 
39 53 1 7 
50 43 0 7 
37 56 0 7 
40 56 0 4 
41 52 0 7 
43 47 0 10 
50 47 0 3 
45 47 0 8 
45 49 0 6 
41 46 0 13 
43 50 0 7 
39 53 0 8 
37 54 0 9 
36 52 0 12 
35 57 0 8 
42 47 0 11 
39 56 0 5 
39 53 0 8 
48 39 1 12 
36 60 0 4 
47 47 0 6 
43 47 0 10 
51 43 1 5 
43 44 0 13 
39 53 0 8 
42 52 1 5 
40 51 0 9 
39 55 0 6 
43 49 0 8 
34 56 1 9 
47 45 0 8 
49 46 1 4 
45 48 0 7 
47 47 0 6 
43 48 0 9 
43 46 1 10 
41 51 1 7 
43 47 0 10 
48 38 0 14 
45 46 0 9 
37 54 0 9 
43 53 0 4 
46 44 0 10 
37 55 0 8 
41 51 1 7 
38 56 0 6 
39 54 0 7 
35 57 0 8 
45 46 0 9 
41 54 0 5 
36 53 1 10 
42 50 1 7 
39 53 0 8 
46 48 0 6 
34 58 0 8 
44 45 0 11 
42 51 0 7 
37 56 0 7 
40 51 1 8 
40 51 0 9 
33 57 0 10 
45 45 0 10 
47 48 1 4 
44 48 1 7 
41 50 1 8 
50 39 0 11 
46 44 0 10 
48 39 0 13 
43 52 0 5 
39 56 0 5 
38 52 1 9 
33 59 1 7 
48 47 0 5 
38 53 0 9 
46 48 0 6 
41 53 0 6 
42 48 1 9 
41 55 0 4 
38 53 0 9 
40 54 0 6 
48 45 1 6 
45 45 0 10 
51 45 0 4 
41 53 0 6 
40 57 0 3 
37 54 0 9 
36 54 0 10 
47 48 0 5 
46 46 1 7 
51 43 0 6 
32 59 0 9 
41 51 0 8 
43 45 0 12 
44 47 0 9 
44 48 0 8 
41 49 0 10 
50 44 0 6 
42 49 1 8 
38 54 0 8 
42 54 0 4 
40 56 0 4 
42 51 0 7 
47 44 0 9 
37 53 0 10 
43 54 0 3 
50 44 0 6 
42 50 0 8 
39 58 0 3 
33 58 0 9 
43 51 0 6 
41 50 1 8 
43 49 0 8 
45 47 0 8 
47 47 1 5 
44 49 0 7 
38 52 0 10 
46 45 0 9 
41 50 0 9 
35 59 0 6 
41 53 0 6 
41 54 1 4 
43 52 0 5 
34 58 0 8 
41 48 0 11 
38 57 0 5 
39 54 0 7 
33 59 0 8 
34 60 0 6 
42 47 1 10 
42 49 0 9 
50 41 0 9 
39 49 2 10 
44 48 1 7 
46 48 0 6 
35 58 0 7 
43 55 0 2 
45 46 1 8 
40 52 0 8 
48 47 1 4 
39 52 0 9 
41 53 0 6 
38 52 1 9 
40 54 0 6 
45 45 0 10 
38 56 0 6 
46 44 0 10 
40 51 0 9 
34 59 0 7 
41 53 0 6 
40 53 0 7 
32 60 2 6 
38 55 0 7 
39 53 0 8 
39 51 0 10 
39 52 0 9 
39 54 1 6 
43 50 1 6 
41 52 0 7 
50 45 0 5 
43 52 0 5 
43 49 1 7 
39 56 0 5 
46 50 0 4 
37 52 1 10 
38 58 0 4 
38 52 0 10 
37 54 0 9 
43 52 0 5 
39 51 0 10 
40 51 0 9 
39 53 0 8 
39 51 1 9 
43 51 1 5 
42 51 0 7 
45 46 1 8 
44 48 0 8 
40 54 0 6 
39 55 0 6 
40 49 1 10 
33 62 0 5 
37 57 0 6 
42 51 1 6 
45 49 0 6 
43 42 1 14 
52 39 0 9 
47 47 0 6 
41 43 1 15 
47 45 0 8 
46 49 0 5 
42 51 0 7 
40 53 0 7 
51 43 1 5 
47 43 0 10 
41 49 0 10 
33 57 1 9 
34 58 0 8 
42 51 0 7 
46 50 1 3 
38 50 1 11 
47 48 0 5 
50 44 0 6 
37 54 0 9 
42 53 0 5 
44 43 2 11 
53 43 0 4 
41 53 0 6 
44 47 0 9 
35 59 1 5 
47 44 0 9 
42 49 0 9 
45 47 0 8 
35 58 0 7 
44 49 0 7 
46 49 1 4 
37 54 2 7 
42 49 0 9 
52 40 0 8 
44 48 0 8 
40 52 1 7 
38 54 0 8 
43 49 0 8 
42 47 1 10 
41 51 0 8 
37 55 0 8 
49 43 0 8 
45 50 0 5 
37 54 0 9 
50 46 0 4 
36 52 0 12 
42 51 0 7 
50 42 0 8 
43 52 0 5 
49 45 0 6 
49 46 0 5 
46 46 0 8 
39 51 1 9 
38 55 1 6 
35 55 0 10 
43 46 0 11 
34 55 0 11 
36 51 1 12 
45 48 0 7 
47 48 0 5 
44 45 1 10 
47 44 1 8 
39 56 0 5 
45 47 0 8 
40 51 1 8 
44 52 0 4 
40 49 0 11 
37 58 0 5 
35 53 0 12 
38 54 0 8 
37 58 0 5 
45 49 1 5 
44 50 1 5 
34 56 0 10 
45 48 0 7 
40 50 1 9 
40 52 0 8 
49 47 0 4 
48 41 0 11 
47 48 0 5 
42 53 0 5 
42 49 0 9 
41 52 0 7 
37 56 0 7 
46 44 0 10 
41 51 1 7 
46 45 0 9 
50 41 0 9 
44 48 0 8 
38 58 0 4 
38 57 1 4 
48 47 0 5 
45 49 1 5 
49 41 0 10 
42 51 0 7 
48 46 0 6 
41 55 0 4 
42 53 0 5 
40 48 0 12 
42 46 0 12 
40 51 0 9 
45 48 1 6 
44 45 0 11 
44 44 0 12 
44 48 0 8 
39 55 1 5 
47 47 1 5 
43 51 0 6 
35 61 0 4 
50 37 0 13 
51 44 0 5 
40 51 0 9 
34 60 1 5 
31 59 1 9 
43 50 0 7 
41 53 0 6 
43 51 0 6 
40 51 0 9 
39 52 0 9 
40 51 2 7 
46 50 1 3 
39 50 0 11 
38 54 0 8 
40 56 0 4 
54 43 1 2 
40 48 0 12 
37 53 0 10 
41 53 0 6 
48 45 0 7 
40 54 0 6 
40 52 0 8 
48 48 0 4 
31 64 1 4 
52 45 0 3 
49 44 0 7 
45 48 0 7 
41 54 0 5 
46 42 2 10 
46 50 0 4 
40 52 0 8 
30 61 0 9 
32 61 0 7 
32 59 1 8 
48 43 0 9 
41 49 1 9 
37 52 1 10 
35 55 0 10 
36 58 0 6 
45 44 0 11 
43 51 1 5 
44 51 0 5 
35 58 0 7 
41 48 0 11 
38 54 1 7 
38 56 0 6 
42 51 1 6 
45 51 0 4 
40 53 0 7 
35 59 0 6 
39 56 0 5 
46 45 0 9 
42 54 0 4 
47 42 1 10 
48 42 2 8 
50 41 0 9 
41 53 0 6 
37 54 0 9 
40 54 0 6 
43 44 0 13 
41 50 0 9 
37 59 0 4 
37 49 0 14 
42 54 0 4 
56 37 0 7 
42 51 0 7 
42 48 1 9 
48 44 0 8 
37 55 0 8 
39 52 0 9 
28 66 0 6 
42 52 0 6 
44 49 0 7 
40 54 0 6 
48 40 2 10 
36 55 1 8 
39 54 0 7 
46 49 0 5 
39 53 0 8 
51 45 0 4 
44 50 0 6 
29 64 0 7 
39 54 1 6 
42 54 0 4 
47 47 0 6 
44 49 0 7 
43 51 0 6 
37 53 1 9 
31 59 0 10 
34 62 0 4 
44 52 0 4 
39 45 0 16 
42 55 0 3 
49 42 0 9 
46 49 0 5 
48 48 0 4 
34 57 0 9 
47 45 0 8 
46 49 0 5 
42 48 1 9 
34 56 0 10 
47 42 1 10 
43 51 0 6 
47 44 1 8 
38 53 2 7 
43 49 0 8 
44 50 0 6 
41 53 0 6 
38 52 0 10 
40 52 0 8 
49 43 0 8 
35 58 0 7 
45 47 0 8 
40 53 0 7 
40 54 0 6 
40 49 0 11 
39 53 0 8 
48 45 0 7 
39 56 0 5 
39 53 0 8 
39 57 0 4 
35 60 0 5 
45 48 0 7 
34 56 0 10 
47 46 0 7 
38 54 1 7 
47 47 0 6 
38 51 0 11 
47 43 0 10 
47 47 0 6 
45 52 1 2 
34 58 1 7 
45 50 0 5 
41 49 0 10 
43 47 0 10 
33 62 0 5 
36 54 0 10 
38 49 0 13 
39 54 0 7 
41 55 0 4 
37 60 1 2 
46 45 1 8 
43 50 0 7 
33 53 0 14 
50 45 0 5 
46 47 0 7 
44 51 0 5 
44 49 1 6 
43 48 0 9 
42 53 1 4 
44 47 0 9 
46 46 0 8 
33 55 0 12 
29 62 0 9 
44 50 0 6 
37 55 0 8 
38 48 0 14 
46 47 0 7 
44 50 0 6 
43 51 0 6 
36 56 0 8 
42 52 0 6 
42 43 0 15 
43 47 1 9 
40 53 1 6 
37 55 0 8 
44 51 1 4 
46 46 0 8 
46 44 0 10 
37 58 1 4 
45 46 0 9 
43 47 0 10 
41 52 0 7 
47 44 0 9 
44 50 0 6 
41 51 1 7 
33 62 0 5 
42 52 0 6 
45 47 1 7 
41 48 0 11 
42 48 2 8 
42 51 0 7 
46 46 0 8 
42 54 0 4 
47 48 1 4 
41 50 1 8 
40 49 0 11 
38 53 1 8 
44 48 0 8 
45 49 0 6 
43 47 1 9 
46 47 0 7 
30 63 0 7 
34 54 1 11 
44 47 0 9 
48 44 0 8 
36 59 0 5 
45 43 2 10 
50 44 0 6 
34 58 0 8 
36 54 1 9 
37 52 2 9 
44 51 0 5 
39 55 0 6 
42 50 0 8 
44 49 1 6 
56 36 0 8 
53 40 0 7 
38 51 0 11 
43 49 0 8 
44 48 1 7 
50 41 0 9 
51 41 0 8 
44 45 0 11 
38 48 1 13 
37 54 0 9 
41 51 0 8 
34 57 0 9 
38 50 0 12 
46 45 1 8 
40 44 0 16 
47 48 0 5 
38 53 0 9 
43 47 0 10 
45 50 0 5 
32 57 1 10 
50 43 0 7 
38 54 1 7 
41 51 0 8 
36 58 0 6 
40 51 0 9 
39 54 1 6 
45 46 0 9 
47 44 0 9 
38 53 1 8 
44 47 1 8 
37 50 0 13 
39 52 0 9 
41 52 0 7 
45 49 0 6 
33 58 2 7 
43 52 0 5 
35 53 0 12 
33 55 0 12 
36 52 2 10 
38 54 0 8 
40 51 0 9 
38 55 0 7 
35 62 0 3 
39 54 1 6 
43 49 1 7 
40 53 0 7 
45 49 0 6 
39 53 0 8 
40 48 1 11 
37 52 0 11 
42 50 1 7 
47 47 0 6 
41 54 0 5 
34 60 0 6 
36 51 0 13 
35 58 0 7 
49 44 0 7 
34 52 0 14 
48 48 0 4 
49 44 0 7 
40 53 0 7 
38 58 0 4 
47 45 1 7 
35 54 1 10 
41 53 0 6 
45 48 0 7 
41 49 0 10 
42 48 2 8 
39 50 1 10 
42 50 0 8 
47 45 0 8 
46 46 0 8 
42 48 1 9 
40 53 0 7 
40 54 0 6 
41 53 0 6 
49 42 1 8 
44 50 1 5 
38 56 0 6 
41 53 0 6 
35 52 1 12 
46 46 1 7 
44 49 0 7 
41 49 1 9 
39 56 0 5 
48 43 0 9 
43 50 0 7 
42 48 2 8 
45 48 0 7 
41 50 0 9 
43 51 0 6 
41 48 0 11 
39 51 0 10 
42 48 2 8 
35 53 1 11 
48 47 0 5 
44 47 0 9 
43 46 1 10 
46 50 0 4 
47 50 0 3 
35 58 0 7 
39 55 0 6 
43 49 2 6 
43 50 2 5 
40 54 0 6 
47 46 0 7 
48 48 0 4 
39 51 0 10 
42 48 1 9 
45 50 1 4 
46 45 0 9 
35 55 0 10 
43 46 1 10 
41 52 0 7 
41 51 0 8 
51 43 0 6 
37 55 1 7 
40 51 0 9 
43 49 0 8 
41 50 0 9 
46 46 1 7 
39 51 1 9 
42 53 0 5 
48 43 0 9 
35 58 0 7 
38 54 0 8 
41 51 1 7 
42 53 0 5 
45 44 0 11 
37 54 0 9 
33 58 0 9 
37 55 0 8 
48 45 0 7 
46 46 0 8 
40 52 0 8 
47 46 0 7 
37 58 0 5 
46 43 0 11 
45 46 1 8 
46 50 0 4 
40 55 0 5 
42 47 0 11 
40 54 1 5 
35 56 0 9 
41 51 0 8 
42 51 0 7 
38 50 0 12 
45 49 1 5 
31 53 0 16 
51 46 0 3 
44 47 1 8 
41 54 0 5 
45 47 1 7 
50 42 0 8 
44 44 0 12 
42 50 1 7 
47 46 1 6 
42 48 0 10 
35 59 0 6 
35 50 0 15 
41 53 0 6 
44 48 1 7 
43 50 1 6 
36 54 0 10 
47 44 0 9 
44 47 0 9 
38 53 0 9 
40 55 0 5 
35 55 1 9 
38 55 0 7 
47 48 0 5 
42 47 0 11 
45 50 0 5 
35 50 2 13 
40 53 0 7 
53 38 0 9 
41 51 0 8 
44 47 0 9 
39 54 0 7 
41 47 0 12 
45 47 1 7 
43 51 0 6 
49 41 0 10 
40 51 2 7 
47 43 0 10 
48 46 0 6 
37 58 0 5 
36 58 1 5 
39 53 0 8 
36 56 0 8 
36 59 0 5 
39 53 0 8 
42 52 0 6 
39 52 0 9 
44 49 0 7 
45 48 0 7 
40 54 0 6 
39 49 0 12 
41 48 1 10 
55 41 0 4 
42 47 0 11 
42 50 0 8 
43 45 1 11 
37 57 0 6 
48 44 1 7 
37 55 0 8 
50 43 0 7 
33 57 1 9 
50 42 1 7 
41 51 2 6 
43 48 0 9 
49 45 0 6 
47 44 0 9 
47 47 0 6 
46 47 0 7 
41 51 0 8 
43 52 0 5 
45 49 0 6 
43 49 1 7 
39 52 1 8 
38 52 2 8 
36 56 1 7 
38 54 0 8 
39 55 0 6 
42 49 0 9 
42 51 0 7 
37 54 1 8 
47 44 0 9 
42 46 0 12 
46 42 0 12 
46 47 0 7 
48 43 0 9 
37 55 0 8 
41 50 1 8 
44 50 1 5 
33 57 0 10 
40 54 0 6 
46 49 0 5 
34 61 0 5 
43 47 0 10 
42 52 0 6 
39 50 0 11 
48 42 1 9 
44 47 0 9 
46 45 0 9 
34 57 0 9 
40 53 0 7 
32 62 1 5 
45 47 0 8 
52 43 0 5 
39 48 0 13 
52 42 0 6 
44 44 1 11 
48 44 1 7 
39 53 0 8 
42 51 1 6 
37 51 2 10 
44 46 0 10 
42 51 0 7 
42 49 1 8 
42 51 1 6 
40 49 0 11 
43 49 1 7 
42 48 0 10 
44 50 0 6 
41 54 0 5 
41 48 0 11 
34 60 0 6 
35 57 0 8 
37 54 0 9 
42 51 0 7 
50 44 0 6 
42 49 1 8 
40 51 0 9 
46 45 0 9 
43 50 0 7 
42 50 0 8 
44 49 0 7 
36 58 0 6 
44 51 1 4 
41 52 0 7 
45 49 0 6 
39 55 0 6 
40 55 0 5 
40 51 0 9 
41 53 0 6 
44 46 2 8 
42 49 0 9 
48 45 1 6 
43 51 0 6 
35 54 1 10 
26 64 0 10 
36 57 0 7 
39 54 0 7 
36 56 0 8 
42 50 0 8 
44 48 1 7 
46 47 0 7 
47 44 1 8 
41 54 0 5 
39 52 0 9 
36 56 0 8 
45 51 0 4 
41 48 0 11 
44 50 0 6 
40 55 0 5 
45 47 0 8 
43 49 0 8 
36 55 0 9 
44 49 0 7 
41 50 0 9 
38 54 0 8 
40 52 1 7 
40 51 0 9 
41 48 0 11 
46 48 0 6 
39 53 0 8 
38 55 0 7 
47 47 2 4 
40 48 0 12 
43 50 1 6 
38 56 0 6 
35 57 1 7 
49 39 0 12 
46 46 0 8 
42 45 0 13 
43 51 0 6 
55 38 3 4 
46 44 2 8 
44 49 1 6 
41 50 1 8 
38 55 0 7 
40 51 0 9 
43 44 0 13 
40 54 1 5 
48 46 1 5 
43 49 0 8 
40 50 1 9 
37 50 0 13 
49 47 0 4 
40 52 0 8 
53 40 0 7 
44 48 0 8 
37 55 0 8 
34 57 0 9 
40 54 0 6 
44 45 0 11 
40 54 0 6 
38 54 0 8 
41 50 0 9 
37 53 0 10 
44 46 1 9 
43 49 0 8 
42 52 0 6 
41 51 0 8 
40 51 0 9 
43 45 0 12 
52 41 0 7 
39 56 0 5 
47 48 0 5 
45 44 1 10 
42 51 0 7 
37 52 1 10 
44 48 0 8 
44 50 0 6 
36 57 0 7 
43 51 0 6 
43 48 0 9 
38 51 1 10 
43 51 1 5 
39 55 0 6 
36 58 0 6 
30 61 0 9 
44 47 0 9 
45 48 0 7 
42 48 1 9 
37 56 0 7 
33 51 0 16 
48 42 1 9 
46 50 0 4 
43 51 0 6 
42 53 1 4 
44 49 0 7 
41 52 0 7 
41 52 0 7 
46 45 0 9 
35 55 0 10 
37 55 0 8 
40 52 2 6 
37 59 0 4 
41 45 0 14 
45 47 1 7 
47 46 0 7 
42 51 1 6 
41 54 1 4 
38 51 0 11 
43 49 0 8 
40 53 0 7 
50 43 1 6 
37 52 1 10 
43 49 0 8 
36 56 0 8 
37 55 0 8 
46 46 0 8 
47 50 0 3 
39 57 0 4 
43 50 0 7 
41 54 0 5 
34 57 1 8 
46 46 1 7 
43 50 0 7 
49 39 0 12 
44 49 1 6 
39 55 0 6 
45 48 1 6 
41 50 0 9 
40 56 2 2 
45 48 0 7 
41 52 0 7 
39 56 0 5 
41 51 0 8 
38 54 0 8 
53 40 0 7 
48 44 0 8 
40 50 2 8 
45 51 0 4 
34 60 0 6 
38 57 0 5 
41 51 0 8 
44 49 0 7 
37 57 0 6 
44 51 0 5 
42 54 0 4 
42 52 0 6 
46 49 0 5 
53 37 0 10 
38 56 0 6 
35 58 0 7 
41 50 0 9 
35 53 0 12 
43 51 0 6 
42 48 1 9 
41 51 0 8 
41 52 2 5 
44 50 0 6 
43 51 0 6 
33 62 0 5 
47 46 0 7 
45 48 1 6 
47 45 0 8 
42 48 1 9 
41 50 0 9 
41 52 0 7 
43 49 0 8 
38 52 0 10 
38 55 1 6 
41 54 0 5 
43 49 0 8 
41 47 0 12 
40 53 0 7 
45 45 2 8 
41 51 0 8 
33 57 1 9 
40 49 0 11 
39 54 0 7 
43 48 3 6 
43 43 0 14 
43 46 0 11 
42 52 0 6 
41 53 0 6 
39 48 0 13 
39 48 1 12 
43 50 1 6 
42 53 0 5 
43 50 1 6 
44 47 0 9 
42 51 0 7 
35 56 1 8 
41 55 0 4 
40 53 0 7 
47 46 0 7 
49 43 0 8 
46 50 0 4 
38 56 0 6 
45 49 0 6 
45 47 2 6 
41 51 0 8 
42 47 0 11 
41 50 0 9 
44 52 0 4 
45 48 0 7 
36 53 0 11 
43 46 1 10 
36 56 0 8 
38 52 0 10 
42 48 1 9 
37 55 0 8 
44 52 0 4 
46 48 1 5 
36 53 1 10 
55 40 1 4 
49 45 0 6 
41 50 0 9 
39 50 0 11 
41 54 0 5 
39 48 1 12 
39 52 1 8 
44 48 0 8 
38 51 0 11 
43 45 0 12 
29 60 0 11 
41 51 1 7 
40 52 1 7 
42 51 0 7 
46 47 0 7 
36 59 0 5 
49 44 0 7 
44 50 0 6 
48 41 0 11 
47 46 0 7 
36 59 0 5 
35 55 1 9 
45 44 1 10 
40 52 1 7 
52 42 1 5 
42 48 1 9 
41 48 0 11 
47 45 0 8 
39 50 0 11 
43 48 0 9 
47 45 0 8 
44 49 0 7 
49 44 0 7 
42 52 0 6 
45 48 2 5 
37 58 0 5 
41 53 0 6 
43 50 0 7 
48 41 1 10 
40 56 0 4 
36 58 0 6 
48 45 0 7 
43 48 0 9 
37 50 0 13 
39 54 0 7 
42 51 0 7 
44 51 0 5 
36 58 0 6 
37 60 0 3 
37 53 1 9 
37 58 0 5 
37 54 0 9 
45 48 0 7 
39 55 0 6 
43 49 0 8 
35 52 0 13 
38 53 0 9 
34 55 0 11 
36 59 0 5 
38 52 1 9 
50 45 0 5 
47 45 1 7 
38 53 0 9 
47 44 0 9 
40 52 0 8 
43 51 0 6 
46 44 0 10 
41 47 0 12 
36 53 0 11 
37 54 0 9 
46 45 2 7 
41 50 0 9 
41 50 1 8 
43 48 0 9 
46 47 0 7 
40 53 0 7 
40 52 1 7 
50 43 1 6 
44 50 0 6 
39 47 0 14 
44 49 1 6 
41 49 0 10 
51 41 0 8 
32 60 0 8 
39 53 0 8 
44 46 2 8 
43 51 0 6 
36 58 0 6 
42 46 0 12 
38 56 0 6 
40 50 1 9 
35 58 0 7 
40 56 0 4 
35 58 1 6 
49 41 0 10 
38 55 0 7 
35 59 0 6 
45 49 0 6 
41 50 1 8 
50 46 0 4 
47 44 2 7 
44 50 0 6 
39 50 1 10 
45 50 0 5 
35 57 0 8 
46 49 0 5 
43 47 0 10 
43 51 0 6 
38 59 0 3 
35 60 0 5 
35 56 1 8 
39 56 0 5 
35 58 0 7 
39 53 0 8 
39 50 0 11 
40 49 0 11 
37 57 0 6 
46 43 0 11 
40 54 0 6 
49 47 0 4 
39 51 0 10 
53 42 1 4 
30 63 0 7 
43 51 0 6 
33 58 1 8 
38 53 1 8 
42 48 1 9 
47 46 0 7 
41 48 0 11 
50 42 0 8 
39 49 0 12 
39 55 0 6 
35 52 0 13 
35 57 1 7 
37 52 0 11 
35 58 0 7 
44 53 0 3 
41 54 0 5 
45 50 0 5 
39 51 0 10 
42 49 0 9 
38 50 1 11 
48 44 0 8 
42 48 1 9 
39 52 0 9 
37 52 1 10 
36 58 0 6 
39 47 0 14 
48 48 0 4 
43 51 1 5 
48 44 0 8 
38 57 1 4 
43 49 1 7 
48 45 0 7 
49 46 1 4 
41 51 0 8 
44 43 1 12 
44 47 2 7 
36 53 1 10 
41 55 1 3 
31 59 1 9 
32 60 0 8 
49 45 1 5 
36 59 0 5 
48 44 0 8 
42 50 0 8 
45 50 0 5 
44 42 2 12 
31 59 1 9 
45 49 0 6 
35 54 0 11 
41 55 0 4 
42 50 1 7 
42 46 0 12 
37 49 0 14 
40 53 0 7 
43 49 1 7 
45 50 1 4 
41 53 0 6 
37 55 0 8 
46 50 0 4 
47 44 0 9 
45 49 0 6 
44 52 1 3 
43 43 0 14 
37 58 0 5 
42 51 0 7 
46 48 1 5 
40 52 0 8 
46 50 1 3 
41 53 1 5 
42 51 1 6 
40 48 1 11 
42 52 0 6 
34 56 0 10 
42 49 0 9 
36 55 2 7 
39 52 1 8 
43 46 0 11 
44 49 0 7 
41 50 0 9 
38 55 0 7 
46 46 0 8 
37 55 0 8 
39 55 0 6 
45 48 0 7 
35 54 0 11 
43 51 0 6 
42 53 0 5 
47 46 0 7 
42 50 0 8 
42 49 0 9 
46 50 0 4 
42 50 0 8 
37 54 1 8 
43 51 0 6 
40 51 0 9 
42 53 0 5 
46 47 0 7 
45 46 0 9 
47 44 0 9 
33 55 0 12 
47 46 0 7 
43 51 0 6 
43 48 0 9 
39 52 2 7 
43 51 0 6 
35 50 0 15 
44 52 0 4 
38 57 0 5 
33 58 1 8 
38 56 0 6 
42 48 0 10 
45 46 1 8 
42 49 0 9 
43 49 0 8 
42 50 1 7 
40 50 0 10 
41 52 1 6 
43 48 0 9 
45 49 0 6 
44 52 0 4 
44 46 0 10 
37 53 1 9 
36 56 0 8 
49 46 0 5 
50 44 1 5 
39 53 0 8 
39 51 1 9 
38 55 0 7 
45 50 0 5 
38 56 0 6 
45 47 0 8 
43 48 0 9 
38 51 0 11 
36 56 0 8 
56 40 0 4 
43 48 0 9 
43 51 0 6 
44 49 0 7 
37 52 0 11 
45 48 0 7 
40 46 0 14 
39 54 1 6 
39 53 0 8 
44 48 0 8 
41 52 0 7 
37 55 1 7 
57 38 0 5 
41 53 0 6 
40 52 0 8 
36 53 1 10 
44 46 0 10 
43 46 1 10 
37 55 0 8 
47 48 0 5 
34 58 0 8 
39 57 0 4 
44 50 1 5 
45 52 0 3 
42 50 0 8 
42 49 1 8 
42 53 1 4 
36 51 2 11 
39 53 0 8 
43 49 0 8 
44 50 1 5 
47 47 1 5 
36 55 1 8 
43 53 0 4 
41 47 0 12 
43 53 1 3 
42 51 0 7 
47 48 1 4 
41 46 0 13 
33 59 0 8 
44 48 0 8 
39 55 0 6 
39 53 0 8 
39 54 1 6 
38 54 1 7 
37 51 0 12 
45 50 1 4 
38 53 2 7 
42 49 0 9 
33 56 2 9 
50 42 0 8 
37 56 1 6 
45 47 0 8 
43 49 0 8 
37 56 0 7 
38 51 0 11 
40 47 1 12 
41 50 0 9 
44 43 0 13 
35 55 0 10 
46 46 0 8 
42 49 1 8 
50 42 0 8 
40 51 0 9 
41 53 0 6 
41 49 0 10 
43 50 0 7 
36 60 0 4 
47 47 2 4 
38 54 1 7 
39 51 0 10 
32 59 0 9 
45 46 0 9 
38 52 0 10 
43 50 1 6 
39 52 0 9 
40 54 2 4 
38 56 0 6 
41 48 1 10 
37 54 0 9 
43 45 1 11 
39 52 0 9 
46 46 0 8 
44 47 0 9 
43 47 1 9 
34 60 0 6 
35 60 0 5 
38 55 0 7 
38 50 0 12 
45 47 0 8 
44 49 0 7 
44 45 0 11 
45 48 1 6 
42 55 0 3 
43 47 1 9 
41 48 1 10 
51 44 1 4 
35 51 0 14 
36 53 2 9 
43 48 1 8 
33 59 0 8 
44 45 0 11 
36 57 0 7 
45 46 0 9 
41 55 1 3 
37 56 0 7 
41 54 0 5 
39 51 1 9 
38 56 1 5 
39 55 0 6 
40 53 0 7 
35 57 0 8 
43 45 0 12 
33 59 0 8 
47 45 0 8 
38 54 0 8 
42 53 1 4 
35 54 0 11 
43 45 0 12 
40 55 1 4 
41 50 0 9 
40 52 0 8 
40 51 0 9 
46 46 0 8 
33 61 0 6 
36 58 0 6 
37 52 0 11 
44 47 0 9 
47 44 1 8 
39 50 0 11 
46 46 0 8 
46 49 0 5 
43 47 0 10 
41 50 0 9 
42 48 0 10 
40 53 0 7 
48 44 1 7 
50 44 0 6 
43 49 0 8 
41 51 0 8 
40 53 0 7 
40 51 1 8 
43 44 1 12 
34 55 0 11 
36 56 0 8 
40 49 1 10 
37 53 0 10 
42 51 0 7 
43 51 1 5 
41 50 0 9 
44 49 0 7 
41 51 1 7 
47 47 1 5 
50 41 0 9 
41 49 0 10 
52 41 0 7 
57 35 0 8 
41 53 0 6 
40 51 1 8 
34 53 0 13 
37 59 0 4 
42 49 1 8 
43 49 0 8 
41 54 0 5 
40 51 0 9 
45 47 0 8 
51 44 0 5 
48 49 0 3 
40 48 0 12 
39 54 0 7 
44 48 0 8 
38 53 0 9 
45 47 1 7 
43 48 0 9 
39 50 0 11 
49 45 0 6 
44 52 0 4 
39 51 0 10 
48 46 0 6 
39 50 1 10 
40 48 0 12 
35 53 0 12 
33 55 0 12 
36 57 0 7 
42 52 0 6 
37 55 0 8 
50 48 0 2 
41 54 0 5 
37 52 0 11 
40 50 0 10 
38 55 0 7 
41 52 0 7 
44 52 0 4 
38 51 0 11 
50 44 0 6 
42 49 0 9 
48 45 0 7 
41 53 0 6 
44 45 0 11 
36 60 0 4 
37 54 0 9 
33 52 0 15 
39 52 0 9 
44 49 1 6 
42 48 1 9 
39 53 0 8 
44 45 0 11 
36 57 0 7 
47 47 1 5 
39 54 1 6 
38 54 1 7 
40 52 1 7 
48 45 1 6 
43 49 0 8 
45 47 0 8 
51 44 0 5 
44 44 0 12 
42 51 0 7 
47 46 0 7 
45 52 0 3 
53 41 0 6 
51 39 0 10 
46 46 0 8 
37 51 0 12 
40 56 0 4 
42 46 1 11 
40 53 1 6 
48 46 0 6 
48 45 0 7 
48 46 0 6 
48 46 0 6 
40 53 0 7 
48 49 0 3 
45 50 0 5 
42 49 0 9 
44 49 1 6 
37 56 0 7 
37 53 0 10 
35 56 0 9 
40 48 0 12 
37 54 0 9 
42 45 0 13 
41 48 0 11 
46 48 0 6 
36 60 1 3 
40 54 0 6 
39 56 0 5 
37 54 0 9 
52 37 1 10 
44 53 0 3 
46 46 0 8 
43 50 1 6 
46 44 0 10 
42 50 0 8 
