404 509 18 69
406 523 18 53
417 508 13 62
391 526 20 63
379 535 21 65
396 525 15 64
395 527 17 61
421 502 17 60
442 486 16 56
440 481 17 62
410 504 17 69
399 512 17 72
416 502 18 64
390 516 19 75
398 536 14 52
412 510 15 63
396 526 16 62
418 503 16 63
433 490 18 59
391 529 17 63
430 502 20 48
395 527 18 60
426 494 18 62
391 519 17 73
412 517 15 56
413 507 15 65
408 512 18 62
405 521 14 60
396 528 14 62
395 534 18 53
404 516 17 63
395 515 15 75
410 526 16 48
399 517 17 67
408 511 18 63
390 535 16 59
407 517 16 60
393 545 18 44
391 521 18 70
414 513 16 57
451 473 16 60
407 518 19 56
424 497 17 62
392 537 18 53
407 522 20 51
427 494 17 62
423 496 16 65
434 505 14 47
383 527 16 74
392 524 18 66
380 531 18 71
398 539 19 44
407 531 17 45
381 539 18 62
406 523 19 52
394 526 19 61
430 488 19 63
400 504 13 83
404 514 21 61
405 514 18 63
420 503 14 63
414 506 20 60
384 541 18 57
401 516 18 65
370 554 18 58
384 532 20 64
405 523 17 55
410 510 14 66
443 485 17 55
413 522 20 45
430 501 14 55
373 539 17 71
411 510 15 64
412 509 15 64
418 504 15 63
398 528 19 55
401 517 16 66
382 543 15 60
410 518 19 53
375 543 18 64
413 503 18 66
453 484 17 46
382 539 18 61
406 522 16 56
392 547 16 45
390 523 20 67
437 493 17 53
390 532 18 60
391 538 19 52
388 537 16 59
435 492 16 57
387 526 18 69
398 518 19 65
408 514 18 60
378 535 17 70
406 515 17 62
392 536 16 56
407 521 18 54
412 507 15 66
382 537 19 62
386 532 15 67
390 527 16 67
418 507 17 58
394 534 16 56
387 541 16 56
