38 48 0 14 
45 48 2 5 
45 52 0 3 
38 53 2 7 
37 55 1 7 
55 39 0 6 
36 56 0 8 
45 43 1 11 
33 60 1 6 
50 41 3 6 
33 60 1 6 
47 47 1 5 
33 62 0 5 
35 60 0 5 
35 59 1 5 
36 56 2 6 
47 47 1 5 
37 52 0 11 
36 52 1 11 
33 52 3 12 
39 51 0 10 
34 57 0 9 
39 57 1 3 
39 54 0 7 
44 48 0 8 
34 58 0 8 
38 51 1 10 
40 55 1 4 
41 52 0 7 
36 58 2 4 
42 49 1 8 
44 51 0 5 
51 46 0 3 
42 55 0 3 
48 42 1 9 
52 44 0 4 
36 57 1 6 
42 52 2 4 
30 66 0 4 
35 59 2 4 
38 55 0 7 
29 65 2 4 
35 58 0 7 
46 46 1 7 
40 55 0 5 
47 48 0 5 
45 49 1 5 
48 42 2 8 
49 45 1 5 
42 52 0 6 
35 55 0 10 
46 49 0 5 
40 52 2 6 
37 57 0 6 
45 49 1 5 
40 57 0 3 
36 58 0 6 
46 47 2 5 
46 47 0 7 
48 49 1 2 
36 54 2 8 
41 51 2 6 
36 59 0 5 
46 44 1 9 
40 53 1 6 
39 50 1 10 
40 54 2 4 
49 45 1 5 
39 53 0 8 
39 54 0 7 
40 54 0 6 
47 50 1 2 
39 53 1 7 
40 54 0 6 
39 51 3 7 
42 47 1 10 
35 58 0 7 
53 42 1 4 
46 50 0 4 
37 55 1 7 
36 56 1 7 
37 52 3 8 
49 42 3 6 
48 48 1 3 
37 55 0 8 
48 47 0 5 
49 46 2 3 
45 48 2 5 
43 50 0 7 
37 51 3 9 
41 50 0 9 
40 54 2 4 
49 49 0 2 
43 52 0 5 
47 49 2 2 
39 57 2 2 
39 55 1 5 
43 51 1 5 
35 60 2 3 
42 49 3 6 
37 58 1 4 
41 52 1 6 
39 52 2 7 
40 53 0 7 
42 50 0 8 
50 38 4 8 
46 38 4 12 
38 56 1 5 
46 44 3 7 
37 63 0 0 
42 52 0 6 
47 48 1 4 
47 52 0 1 
40 53 0 7 
41 52 0 7 
45 48 0 7 
43 49 0 8 
41 52 1 6 
46 50 0 4 
36 54 0 10 
49 45 1 5 
39 57 1 3 
45 48 1 6 
47 44 1 8 
37 53 0 10 
40 50 1 9 
30 61 1 8 
46 49 1 4 
37 57 1 5 
41 54 0 5 
37 53 0 10 
43 51 0 6 
38 49 3 10 
51 45 1 3 
44 48 2 6 
40 53 1 6 
41 51 2 6 
44 49 0 7 
50 39 2 9 
35 59 1 5 
36 58 0 6 
43 51 0 6 
43 52 0 5 
48 41 2 9 
43 50 2 5 
43 45 0 12 
42 53 0 5 
36 55 0 9 
45 49 0 6 
44 48 2 6 
49 48 0 3 
31 61 1 7 
49 39 0 12 
39 52 1 8 
45 49 1 5 
48 44 2 6 
34 57 1 8 
36 58 1 5 
41 48 2 9 
39 55 1 5 
41 47 5 7 
39 53 1 7 
37 55 0 8 
39 55 1 5 
41 52 0 7 
41 49 1 9 
38 53 3 6 
39 50 1 10 
43 49 1 7 
41 54 0 5 
38 51 2 9 
36 55 2 7 
43 50 1 6 
39 56 0 5 
42 50 2 6 
36 54 1 9 
44 50 0 6 
41 49 1 9 
40 47 0 13 
44 45 1 10 
45 51 1 3 
40 47 1 12 
39 52 3 6 
42 52 0 6 
31 62 0 7 
36 51 0 13 
39 56 1 4 
39 53 1 7 
46 49 1 4 
39 54 2 5 
42 53 2 3 
54 40 2 4 
41 54 0 5 
40 54 1 5 
38 57 1 4 
50 45 0 5 
42 52 1 5 
44 47 1 8 
39 52 2 7 
43 48 1 8 
39 52 0 9 
49 44 1 6 
46 48 0 6 
36 58 2 4 
40 49 2 9 
50 46 0 4 
34 52 2 12 
38 56 1 5 
47 47 0 6 
47 46 0 7 
33 59 1 7 
35 63 0 2 
42 54 0 4 
32 61 1 6 
41 56 0 3 
45 47 2 6 
37 57 1 5 
42 49 1 8 
44 53 1 2 
44 45 1 10 
46 48 0 6 
43 49 1 7 
54 41 0 5 
42 51 0 7 
49 46 0 5 
42 51 1 6 
36 56 2 6 
43 48 1 8 
46 48 1 5 
30 63 1 6 
41 53 0 6 
40 51 0 9 
39 54 2 5 
47 42 1 10 
49 47 1 3 
35 57 2 6 
41 49 1 9 
38 55 0 7 
45 46 0 9 
40 56 0 4 
35 59 0 6 
41 55 0 4 
41 56 0 3 
37 55 1 7 
51 45 0 4 
47 48 0 5 
41 54 1 4 
40 53 2 5 
40 53 0 7 
49 47 1 3 
49 45 1 5 
52 40 0 8 
37 53 1 9 
43 49 0 8 
33 58 2 7 
39 52 0 9 
42 51 5 2 
35 60 0 5 
36 58 2 4 
53 39 2 6 
42 50 1 7 
39 57 0 4 
40 51 0 9 
34 59 1 6 
40 54 2 4 
37 53 0 10 
55 42 0 3 
33 62 1 4 
38 55 0 7 
40 46 2 12 
36 56 1 7 
56 35 3 6 
33 57 0 10 
49 44 1 6 
41 48 1 10 
41 50 2 7 
40 54 1 5 
41 47 2 10 
37 58 0 5 
37 56 0 7 
45 48 0 7 
42 54 0 4 
41 55 0 4 
40 52 1 7 
48 42 1 9 
41 55 1 3 
35 58 2 5 
36 55 1 8 
38 53 0 9 
45 50 1 4 
48 44 0 8 
35 54 0 11 
48 46 0 6 
48 47 1 4 
36 55 2 7 
31 59 2 8 
45 47 1 7 
42 50 0 8 
38 53 1 8 
44 48 1 7 
49 47 0 4 
42 48 2 8 
40 50 0 10 
37 56 2 5 
36 56 2 6 
45 48 0 7 
41 49 1 9 
46 46 0 8 
46 50 0 4 
52 38 0 10 
44 50 0 6 
41 54 1 4 
41 51 1 7 
44 53 0 3 
39 53 0 8 
46 46 1 7 
44 48 0 8 
41 49 1 9 
46 47 3 4 
45 46 0 9 
41 51 1 7 
47 48 0 5 
43 49 1 7 
42 50 1 7 
39 57 0 4 
40 53 1 6 
43 49 0 8 
41 51 1 7 
38 55 1 6 
46 48 2 4 
33 60 0 7 
36 58 1 5 
42 54 2 2 
29 59 7 5 
36 58 1 5 
45 52 2 1 
46 43 0 11 
40 53 2 5 
40 54 1 5 
38 57 0 5 
41 51 1 7 
33 57 4 6 
41 51 1 7 
46 46 1 7 
39 58 1 2 
42 51 0 7 
35 58 0 7 
47 39 4 10 
42 49 0 9 
46 50 0 4 
41 53 1 5 
37 60 1 2 
44 49 2 5 
34 57 1 8 
43 47 4 6 
45 47 3 5 
44 50 0 6 
38 54 1 7 
40 52 1 7 
41 53 0 6 
36 58 0 6 
37 58 1 4 
42 55 0 3 
41 51 0 8 
43 46 0 11 
52 45 0 3 
38 54 0 8 
38 51 2 9 
38 53 2 7 
44 47 1 8 
46 47 1 6 
45 50 0 5 
47 44 1 8 
40 52 2 6 
44 51 0 5 
46 44 1 9 
46 49 2 3 
45 52 1 2 
38 53 1 8 
45 50 1 4 
33 60 0 7 
45 44 3 8 
41 52 2 5 
41 50 1 8 
46 45 1 8 
44 46 1 9 
27 63 1 9 
37 52 1 10 
44 45 0 11 
41 52 1 6 
41 54 0 5 
34 61 1 4 
28 63 1 8 
44 50 0 6 
46 51 0 3 
40 52 1 7 
45 51 0 4 
46 47 1 6 
52 43 0 5 
36 58 1 5 
37 58 0 5 
42 56 0 2 
47 47 0 6 
34 60 1 5 
38 54 2 6 
39 56 0 5 
43 48 1 8 
44 49 0 7 
47 44 1 8 
46 46 1 7 
39 48 2 11 
41 55 2 2 
42 50 0 8 
44 50 0 6 
37 55 0 8 
32 60 0 8 
34 61 2 3 
50 43 0 7 
45 49 1 5 
43 44 0 13 
43 53 2 2 
41 49 2 8 
48 49 0 3 
44 53 1 2 
42 53 1 4 
48 46 1 5 
34 60 0 6 
40 55 0 5 
42 48 3 7 
48 44 1 7 
41 50 0 9 
46 44 4 6 
47 45 0 8 
37 58 1 4 
42 52 0 6 
48 45 0 7 
36 55 3 6 
46 49 1 4 
38 55 0 7 
40 56 0 4 
41 48 0 11 
37 57 0 6 
43 52 0 5 
37 55 1 7 
39 51 1 9 
42 48 1 9 
43 46 2 9 
45 47 1 7 
42 52 1 5 
37 55 1 7 
43 50 1 6 
45 45 0 10 
44 49 4 3 
36 54 1 9 
39 49 2 10 
38 50 0 12 
49 45 0 6 
35 57 0 8 
41 50 0 9 
49 43 0 8 
45 48 1 6 
45 49 0 6 
44 50 0 6 
42 53 0 5 
40 54 1 5 
35 58 2 5 
47 47 0 6 
44 53 0 3 
34 63 0 3 
39 53 0 8 
35 61 1 3 
45 45 1 9 
36 56 2 6 
50 41 0 9 
40 53 1 6 
42 48 3 7 
47 45 1 7 
41 55 1 3 
47 45 1 7 
45 45 1 9 
45 49 0 6 
41 51 1 7 
36 62 0 2 
38 58 0 4 
41 52 0 7 
46 48 0 6 
43 54 0 3 
36 56 0 8 
44 50 0 6 
32 59 1 8 
42 53 1 4 
42 47 0 11 
41 49 1 9 
42 51 2 5 
41 52 0 7 
36 55 3 6 
35 56 1 8 
25 65 4 6 
31 55 2 12 
40 49 3 8 
39 51 0 10 
38 57 0 5 
43 51 2 4 
40 51 1 8 
41 49 2 8 
38 57 1 4 
52 43 0 5 
42 52 0 6 
38 54 1 7 
36 55 2 7 
38 53 4 5 
40 54 0 6 
45 51 0 4 
46 44 2 8 
46 48 2 4 
36 59 3 2 
44 50 1 5 
42 52 1 5 
45 52 0 3 
44 53 0 3 
48 48 0 4 
40 52 2 6 
47 47 0 6 
41 48 1 10 
46 51 0 3 
42 48 0 10 
37 54 1 8 
45 49 2 4 
44 47 1 8 
47 45 2 6 
34 54 1 11 
36 57 1 6 
34 56 1 9 
38 53 3 6 
43 50 2 5 
46 43 1 10 
35 55 1 9 
42 50 0 8 
49 44 2 5 
45 46 2 7 
46 47 2 5 
46 47 0 7 
41 54 1 4 
42 52 0 6 
43 54 0 3 
45 46 1 8 
45 42 1 12 
38 50 1 11 
44 52 1 3 
45 50 1 4 
38 56 1 5 
43 52 0 5 
42 54 1 3 
45 48 1 6 
38 56 0 6 
31 61 2 6 
43 52 0 5 
40 55 0 5 
40 53 0 7 
52 42 0 6 
39 51 2 8 
37 55 2 6 
37 53 2 8 
44 50 0 6 
42 48 1 9 
40 55 0 5 
44 47 1 8 
37 53 1 9 
43 51 1 5 
41 48 0 11 
31 63 0 6 
44 43 2 11 
47 47 1 5 
43 53 1 3 
43 47 0 10 
46 46 1 7 
46 47 2 5 
41 47 1 11 
43 51 0 6 
44 48 0 8 
32 58 1 9 
37 55 1 7 
45 49 1 5 
47 48 0 5 
42 50 1 7 
43 48 2 7 
41 53 1 5 
43 50 2 5 
43 54 1 2 
42 50 0 8 
38 54 0 8 
38 57 0 5 
51 42 0 7 
45 49 0 6 
33 58 1 8 
43 46 2 9 
47 50 0 3 
39 53 0 8 
40 52 0 8 
43 51 1 5 
38 54 1 7 
41 54 0 5 
53 44 1 2 
44 48 1 7 
44 51 2 3 
37 56 0 7 
37 54 0 9 
46 46 3 5 
45 47 1 7 
37 54 1 8 
32 57 2 9 
43 53 2 2 
48 43 0 9 
35 54 1 10 
48 46 1 5 
44 51 0 5 
29 60 2 9 
42 50 1 7 
39 51 1 9 
37 53 0 10 
47 49 2 2 
49 40 2 9 
39 50 1 10 
34 60 0 6 
49 47 0 4 
49 42 1 8 
43 47 1 9 
39 51 2 8 
42 51 1 6 
50 39 3 8 
37 55 1 7 
40 53 1 6 
38 52 0 10 
46 47 0 7 
40 49 1 10 
41 52 1 6 
35 58 0 7 
46 42 0 12 
39 57 0 4 
47 45 1 7 
41 54 0 5 
41 53 0 6 
37 56 1 6 
33 58 1 8 
46 45 1 8 
44 47 0 9 
42 51 0 7 
35 58 0 7 
44 52 1 3 
35 60 2 3 
36 61 0 3 
44 49 0 7 
45 51 0 4 
38 55 1 6 
44 52 0 4 
50 44 1 5 
51 44 0 5 
46 46 0 8 
40 54 1 5 
38 57 2 3 
47 52 0 1 
42 49 0 9 
37 55 1 7 
38 53 1 8 
42 53 3 2 
42 52 0 6 
39 54 0 7 
40 47 2 11 
36 51 1 12 
39 55 1 5 
44 49 0 7 
35 58 0 7 
45 51 1 3 
40 50 2 8 
40 51 1 8 
38 60 0 2 
45 49 0 6 
45 47 0 8 
44 51 0 5 
36 55 0 9 
37 49 4 10 
41 58 0 1 
42 53 0 5 
40 51 2 7 
48 48 0 4 
42 53 0 5 
38 54 0 8 
42 55 1 2 
39 47 1 13 
35 59 0 6 
44 48 2 6 
46 47 0 7 
41 53 1 5 
35 60 1 4 
43 50 1 6 
33 62 0 5 
43 51 1 5 
38 56 1 5 
42 49 0 9 
37 58 0 5 
37 51 3 9 
38 58 1 3 
50 42 0 8 
45 49 2 4 
42 55 1 2 
32 59 0 9 
41 53 0 6 
51 41 1 7 
43 53 0 4 
40 48 2 10 
46 43 3 8 
42 52 2 4 
49 48 0 3 
38 53 0 9 
44 52 0 4 
44 50 0 6 
31 62 0 7 
42 51 3 4 
39 57 2 2 
40 53 1 6 
39 57 0 4 
42 52 2 4 
49 42 0 9 
37 56 0 7 
41 52 1 6 
46 47 3 4 
38 53 1 8 
32 58 3 7 
39 50 0 11 
33 63 0 4 
42 53 0 5 
43 53 0 4 
37 56 2 5 
43 48 2 7 
49 45 1 5 
43 51 0 6 
47 41 4 8 
41 49 0 10 
44 48 1 7 
41 52 1 6 
40 47 1 12 
33 56 2 9 
40 50 2 8 
46 46 2 6 
31 61 0 8 
40 52 0 8 
43 51 1 5 
35 57 0 8 
48 51 0 1 
43 52 1 4 
53 43 0 4 
47 47 0 6 
42 52 0 6 
43 51 0 6 
47 42 2 9 
46 52 0 2 
39 50 1 10 
49 43 0 8 
38 56 0 6 
41 52 1 6 
41 54 0 5 
47 49 0 4 
47 48 0 5 
40 45 3 12 
41 52 0 7 
42 54 0 4 
39 57 1 3 
42 50 0 8 
39 55 0 6 
41 52 1 6 
42 46 1 11 
46 48 0 6 
38 58 0 4 
37 54 0 9 
40 53 0 7 
48 42 0 10 
45 48 1 6 
44 50 1 5 
46 50 0 4 
49 39 1 11 
39 52 1 8 
46 49 0 5 
43 49 2 6 
49 48 1 2 
41 48 2 9 
43 47 1 9 
44 52 1 3 
39 54 1 6 
39 54 1 6 
51 45 1 3 
50 41 1 8 
42 48 1 9 
39 53 0 8 
44 51 0 5 
46 47 2 5 
39 55 1 5 
43 47 1 9 
45 53 0 2 
39 52 3 6 
39 51 1 9 
50 44 0 6 
37 59 1 3 
42 44 0 14 
42 48 1 9 
30 62 0 8 
41 57 0 2 
40 51 1 8 
42 53 0 5 
33 61 0 6 
39 53 3 5 
41 49 3 7 
37 57 0 6 
44 51 0 5 
40 51 2 7 
40 53 1 6 
53 44 1 2 
32 61 1 6 
37 54 2 7 
47 46 0 7 
46 45 0 9 
38 50 1 11 
37 58 1 4 
48 50 0 2 
47 47 3 3 
41 50 3 6 
42 50 1 7 
36 59 2 3 
49 46 1 4 
43 51 0 6 
45 47 0 8 
40 49 1 10 
38 54 2 6 
50 40 2 8 
46 46 0 8 
50 47 0 3 
44 49 1 6 
43 53 0 4 
44 49 0 7 
46 45 2 7 
37 51 1 11 
44 48 0 8 
35 56 1 8 
42 46 4 8 
46 46 1 7 
41 48 1 10 
53 40 2 5 
41 55 0 4 
37 54 1 8 
42 51 0 7 
51 39 4 6 
48 48 0 4 
47 46 0 7 
36 58 1 5 
42 49 1 8 
44 50 1 5 
47 48 0 5 
41 48 1 10 
42 49 0 9 
43 49 0 8 
29 57 1 13 
48 42 0 10 
41 55 1 3 
47 45 0 8 
33 59 0 8 
43 50 1 6 
47 48 1 4 
37 56 2 5 
43 49 1 7 
44 45 0 11 
36 54 1 9 
49 43 1 7 
53 42 1 4 
49 44 0 7 
43 48 1 8 
39 51 2 8 
46 46 1 7 
50 47 1 2 
34 62 0 4 
41 52 1 6 
39 52 2 7 
46 47 1 6 
35 55 2 8 
38 54 1 7 
48 45 1 6 
40 53 3 4 
40 48 3 9 
36 57 1 6 
36 59 1 4 
39 55 0 6 
30 61 2 7 
49 45 1 5 
45 45 1 9 
37 52 2 9 
50 45 1 4 
44 44 2 10 
35 55 1 9 
45 49 1 5 
46 51 0 3 
37 55 0 8 
38 54 0 8 
39 55 1 5 
42 52 0 6 
39 54 1 6 
44 48 0 8 
38 52 0 10 
43 48 1 8 
49 44 1 6 
42 43 0 15 
41 50 1 8 
45 46 2 7 
34 57 2 7 
53 41 1 5 
39 55 1 5 
42 51 2 5 
47 50 0 3 
43 52 1 4 
44 48 1 7 
47 49 0 4 
44 51 0 5 
47 48 0 5 
42 51 3 4 
43 45 0 12 
45 52 0 3 
47 48 0 5 
44 43 2 11 
42 53 1 4 
50 41 0 9 
33 62 1 4 
43 50 0 7 
42 51 0 7 
56 35 1 8 
43 48 2 7 
44 50 2 4 
48 46 0 6 
43 51 0 6 
40 54 0 6 
41 51 0 8 
43 52 3 2 
39 55 2 4 
43 50 3 4 
36 62 0 2 
39 53 0 8 
37 54 1 8 
42 52 1 5 
41 54 1 4 
40 54 0 6 
49 42 1 8 
47 49 0 4 
38 50 1 11 
43 54 0 3 
49 46 0 5 
34 63 1 2 
42 49 2 7 
40 50 3 7 
51 44 0 5 
41 51 1 7 
51 46 0 3 
44 53 0 3 
39 52 0 9 
40 52 1 7 
39 55 0 6 
46 48 1 5 
33 59 2 6 
44 49 0 7 
46 51 1 2 
40 48 4 8 
34 62 1 3 
36 54 1 9 
35 57 1 7 
36 56 0 8 
40 54 1 5 
43 52 0 5 
37 54 3 6 
42 55 1 2 
42 53 1 4 
44 48 0 8 
43 53 0 4 
38 57 3 2 
37 53 2 8 
38 50 2 10 
41 54 1 4 
40 56 0 4 
42 51 2 5 
45 48 0 7 
40 54 3 3 
38 54 1 7 
50 47 1 2 
33 62 0 5 
47 50 1 2 
36 55 1 8 
35 61 1 3 
45 45 2 8 
47 46 1 6 
39 56 0 5 
34 56 2 8 
32 61 1 6 
45 48 2 5 
41 50 3 6 
39 54 1 6 
43 54 0 3 
32 59 1 8 
56 35 2 7 
40 51 3 6 
43 50 1 6 
33 61 1 5 
40 50 0 10 
43 46 4 7 
46 47 1 6 
45 46 1 8 
42 47 1 10 
52 46 0 2 
41 56 3 0 
38 54 0 8 
34 55 1 10 
44 51 1 4 
41 50 2 7 
36 57 1 6 
42 48 1 9 
41 52 0 7 
44 49 1 6 
34 58 1 7 
38 51 3 8 
39 58 1 2 
49 43 2 6 
36 59 2 3 
42 52 1 5 
43 48 2 7 
41 48 2 9 
39 53 1 7 
33 60 1 6 
50 45 0 5 
47 47 1 5 
45 52 0 3 
36 60 0 4 
36 54 0 10 
43 50 0 7 
39 52 2 7 
46 44 2 8 
39 58 0 3 
45 48 1 6 
37 57 1 5 
44 46 1 9 
43 54 1 2 
35 53 0 12 
44 44 1 11 
42 48 3 7 
43 52 1 4 
36 56 1 7 
44 50 0 6 
40 49 1 10 
42 51 1 6 
49 43 1 7 
39 55 2 4 
35 55 3 7 
49 49 1 1 
45 49 2 4 
33 61 2 4 
42 51 1 6 
34 57 1 8 
43 53 1 3 
44 49 1 6 
42 49 1 8 
44 49 1 6 
40 52 1 7 
52 42 0 6 
47 47 1 5 
47 46 2 5 
41 54 0 5 
43 51 1 5 
34 58 1 7 
35 56 1 8 
36 56 1 7 
41 53 0 6 
44 50 0 6 
45 48 2 5 
40 56 1 3 
36 54 1 9 
43 47 2 8 
36 57 1 6 
36 54 1 9 
42 47 1 10 
45 50 3 2 
44 50 2 4 
46 49 4 1 
41 51 0 8 
46 48 1 5 
44 49 1 6 
36 56 2 6 
47 48 1 4 
49 47 0 4 
29 57 1 13 
45 48 1 6 
47 45 2 6 
39 53 1 7 
45 49 1 5 
44 51 0 5 
32 58 0 10 
52 42 1 5 
38 54 0 8 
41 49 1 9 
48 44 1 7 
46 45 0 9 
54 41 0 5 
43 54 1 2 
42 50 2 6 
36 59 0 5 
39 52 2 7 
45 47 3 5 
31 59 2 8 
37 57 0 6 
47 53 0 0 
42 50 0 8 
41 52 1 6 
40 51 3 6 
48 44 1 7 
40 47 2 11 
46 47 0 7 
41 53 1 5 
33 61 1 5 
40 52 0 8 
49 43 0 8 
44 46 1 9 
38 57 1 4 
47 48 0 5 
41 53 1 5 
41 53 1 5 
41 56 0 3 
40 54 1 5 
37 48 4 11 
42 49 1 8 
40 54 0 6 
48 39 1 12 
37 58 0 5 
45 46 2 7 
43 51 0 6 
41 48 2 9 
49 44 3 4 
36 54 1 9 
35 62 2 1 
47 45 2 6 
35 54 0 11 
49 46 0 5 
48 44 1 7 
42 49 0 9 
47 48 0 5 
39 55 2 4 
45 50 0 5 
40 52 0 8 
41 50 2 7 
46 47 0 7 
