True	10	0.0	(13, 0)	(25, 0) 0.09615384615384616
False	15	-1.0	(14, 0)	(21, 0) 0.21153846153846154
True	25	1.0	(11, 0)	(22, 0) 0.3269230769230769
True	10	4.0	(21, 1)	(19, 1) 0.4230769230769231
True	25	3.0	(19, 1)	(25, 0) 0.5192307692307693
False	15	1.0	(16, 0)	(17, 0) 0.5961538461538461
False	30	0.0	(16, 0)	(20, 0) 0.6923076923076923
True	15	-1.0	(17, 0)	(23, 0) 0.7884615384615384
False	15	-2.0	(9, 0)	(20, 0) 0.8846153846153846
False	15	1.0	(14, 0)	(19, 1) 0.9615384615384616
False	25	1.0	(19, 0)	(21, 0) 0.07692307692307693
True	10	2.0	(16, 0)	(22, 0) 0.17307692307692307
False	10	3.0	(19, 0)	(20, 0) 0.25
None	10	0.0	(18, 0)	(18, 0) 0.36538461538461536
None	40	2.0	(18, 0)	(18, 0) 0.46153846153846156
False	20	2.0	(14, 0)	(19, 0) 0.5576923076923077
True	55	3.0	(20, 0)	(25, 0) 0.6730769230769231
False	20	2.0	(11, 0)	(20, 0) 0.7692307692307693
True	70	4.0	(18, 1)	(12, 1) 0.8846153846153846
True	85	5.0	(21, 1)	(19, 0) 0.9615384615384616
True	30	2.0	(21, 1)	(21, 0) 0.07692307692307693
None	55	3.0	(20, 0)	(20, 0) 0.15384615384615385
True	25	-1.0	(20, 1)	(19, 0) 0.2692307692307692
True	10	0.0	(14, 0)	(24, 0) 0.36538461538461536
True	10	0.0	(19, 0)	(13, 1) 0.4807692307692308
False	40	0.0	(14, 0)	(18, 0) 0.5961538461538461
True	55	3.0	(21, 1)	(22, 0) 0.6923076923076923
False	20	1.0	(16, 1)	(20, 0) 0.7692307692307693
True	15	-1.0	(17, 0)	(22, 0) 0.8653846153846154
False	25	-2.0	(13, 0)	(21, 0) 0.9615384615384616
False	40	0.0	(16, 0)	(18, 0) 0.038461538461538464
False	10	-1.0	(19, 0)	(21, 0) 0.1346153846153846
True	20	-2.0	(14, 0)	(22, 0) 0.25
False	10	1.0	(17, 0)	(18, 0) 0.36538461538461536
False	70	4.0	(11, 0)	(20, 0) 0.4423076923076923
True	10	3.0	(16, 0)	(25, 0) 0.5576923076923077
False	10	4.0	(20, 0)	(21, 0) 0.6538461538461539
False	10	2.0	(16, 0)	(17, 1) 0.7307692307692307
False	10	2.0	(16, 1)	(18, 0) 0.8461538461538461
True	50	4.0	(19, 0)	(13, 1) 0.9423076923076923
True	30	2.0	(19, 1)	(15, 1) 0.038461538461538464
True	10	0.0	(20, 0)	(19, 0) 0.1346153846153846
True	15	-1.0	(20, 0)	(19, 0) 0.23076923076923078
True	15	-2.0	(11, 0)	(22, 0) 0.3269230769230769
True	20	0.0	(12, 2)	(22, 0) 0.4230769230769231
False	20	-2.0	(15, 0)	(20, 0) 0.5192307692307693
True	25	-1.0	(18, 0)	(22, 0) 0.6153846153846154
True	20	-1.0	(19, 1)	(17, 0) 0.6923076923076923
False	15	-3.0	(12, 0)	(17, 0) 0.7884615384615384
False	10	-2.0	(9, 0)	(18, 0) 0.8846153846153846
True	30	0.0	(9, 0)	(25, 0) 0.9807692307692307
False	40	0.0	(14, 0)	(18, 0) 0.07692307692307693
False	40	2.0	(13, 0)	(21, 0) 0.19230769230769232
True	50	4.0	(13, 1)	(23, 0) 0.28846153846153844
False	30	4.0	(18, 0)	(20, 0) 0.36538461538461536
True	25	1.0	(12, 0)	(25, 0) 0.46153846153846156
False	30	0.0	(17, 1)	(20, 0) 0.5576923076923077
False	10	0.0	(14, 0)	(21, 1) 0.6346153846153846
False	15	-2.0	(11, 0)	(19, 0) 0.7115384615384616
False	20	-2.0	(12, 0)	(19, 0) 0.7884615384615384
True	10	-2.0	(19, 0)	(17, 0) 0.8653846153846154
False	15	-4.0	(9, 0)	(17, 0) 0.9615384615384616
True	30	0.0	(17, 1)	(22, 0) 0.057692307692307696
False	10	1.0	(11, 0)	(17, 0) 0.1346153846153846
False	15	1.0	(14, 1)	(21, 1) 0.21153846153846154
True	10	-1.0	(19, 0)	(22, 0) 0.3076923076923077
True	20	-2.0	(18, 0)	(17, 1) 0.38461538461538464
True	10	-3.0	(13, 0)	(23, 0) 0.5
False	25	-1.0	(18, 0)	(21, 0) 0.5961538461538461
True	10	-1.0	(20, 0)	(17, 0) 0.6923076923076923
False	25	-2.0	(16, 0)	(17, 0) 0.7884615384615384
False	20	-2.0	(20, 0)	(21, 1) 0.8846153846153846
True	15	-3.0	(9, 0)	(24, 0) 0.0
True	30	0.0	(11, 0)	(23, 0) 0.09615384615384616
True	10	1.0	(21, 1)	(19, 0) 0.19230769230769232
False	15	1.0	(9, 0)	(17, 0) 0.2692307692307692
True	25	1.0	(17, 0)	(14, 1) 0.36538461538461536
True	15	-1.0	(20, 0)	(14, 1) 0.4807692307692308
False	20	-1.0	(12, 0)	(18, 0) 0.5769230769230769
True	25	1.0	(15, 0)	(23, 0) 0.6730769230769231
False	30	0.0	(16, 0)	(19, 0) 0.7692307692307693
False	15	1.0	(18, 0)	(19, 1) 0.8653846153846154
True	10	1.0	(20, 0)	(19, 0) 0.9423076923076923
False	10	-2.0	(11, 0)	(18, 0) 0.038461538461538464
False	10	0.0	(15, 0)	(18, 0) 0.1346153846153846
False	15	1.0	(14, 0)	(19, 0) 0.21153846153846154
True	20	0.0	(13, 0)	(24, 0) 0.3076923076923077
True	15	1.0	(21, 1)	(24, 0) 0.4230769230769231
False	30	0.0	(13, 0)	(18, 0) 0.5
False	10	-1.0	(12, 0)	(17, 0) 0.5961538461538461
None	30	2.0	(12, 0)	(12, 2) 0.6923076923076923
True	40	3.0	(15, 0)	(23, 0) 0.7884615384615384
False	40	3.0	(12, 0)	(19, 0) 0.8653846153846154
False	40	2.0	(12, 0)	(14, 1) 0.9615384615384616
True	30	2.0	(20, 0)	(17, 0) 0.057692307692307696
False	20	1.0	(12, 0)	(19, 0) 0.1346153846153846
True	20	2.0	(18, 0)	(17, 0) 0.2692307692307692
False	40	6.0	(18, 0)	(21, 1) 0.34615384615384615
False	25	3.0	(12, 0)	(14, 1) 0.4423076923076923
False	10	4.0	(16, 0)	(20, 1) 0.5384615384615384
