408 507 20 65
416 494 20 70
403 506 15 76
394 536 15 55
439 470 17 74
427 507 19 47
390 540 17 53
405 514 16 65
394 519 18 69
406 516 18 60
386 536 16 62
402 521 15 62
385 529 15 71
434 482 16 68
421 491 16 72
395 518 18 69
415 513 17 55
354 573 16 57
416 519 19 46
378 550 20 52
416 497 14 73
397 521 16 66
401 519 20 60
381 543 17 59
404 513 17 66
380 550 21 49
393 514 16 77
401 523 18 58
425 497 16 62
393 535 15 57
397 526 17 60
368 560 17 55
392 533 15 60
408 517 18 57
411 515 17 57
391 520 19 70
422 503 17 58
413 513 18 56
407 516 14 63
396 530 14 60
442 483 18 57
426 505 16 53
401 540 17 42
398 524 16 62
400 537 14 49
419 507 20 54
420 511 20 49
386 552 17 45
376 549 17 58
387 542 18 53
409 515 15 61
405 524 15 56
421 498 18 63
394 520 17 69
421 502 17 60
377 549 18 56
407 520 18 55
412 512 17 59
408 518 18 56
415 496 18 71
403 512 17 68
391 527 16 66
386 553 18 43
414 508 19 59
396 524 18 62
398 533 15 54
394 534 17 55
415 512 18 55
406 506 16 72
426 502 14 58
397 534 21 48
415 492 16 77
403 509 16 72
427 503 15 55
386 539 18 57
409 521 18 52
363 553 16 68
369 557 17 57
402 529 17 52
410 516 19 55
408 517 15 60
410 524 14 52
394 533 15 58
420 505 15 60
404 532 16 48
391 523 16 70
393 514 19 74
412 504 19 65
398 516 18 68
405 515 18 62
402 520 16 62
403 524 18 55
403 541 14 42
397 528 17 58
395 542 18 45
417 513 19 51
391 527 16 66
427 494 15 64
415 513 17 55
385 530 16 69
427 484 17 72
368 568 15 49
418 497 16 69
402 534 17 47
386 540 17 57
