33 60 0 7 99360.0
30 64 0 6 99167.5
42 49 0 9 99637.5
39 53 0 8 99665.0
37 55 0 8 99480.0
42 52 0 6 99547.5
36 61 0 3 99447.5
32 64 0 4 99302.5
36 59 0 5 99507.5
34 62 0 4 99282.5
44 51 0 5 99667.5
42 44 0 14 99982.5
29 66 0 5 99177.5
42 55 0 3 100155.0
30 64 0 6 99235.0
42 54 0 4 99667.5
46 44 0 10 100057.5
47 46 0 7 100202.5
48 48 0 4 99775.0
40 55 0 5 99527.5
42 51 0 7 99520.0
36 62 0 2 99522.5
41 53 0 6 99562.5
34 59 0 7 99597.5
33 61 0 6 99392.5
35 64 0 1 99495.0
45 48 0 7 99807.5
41 53 0 6 99897.5
38 55 0 7 99387.5
42 54 0 4 99602.5
35 58 0 7 99532.5
39 56 0 5 99640.0
40 53 0 7 99540.0
37 56 0 7 99597.5
46 48 0 6 100332.5
31 58 0 11 99465.0
44 48 0 8 99825.0
43 50 0 7 99770.0
42 52 0 6 99752.5
36 58 0 6 99500.0
38 57 0 5 99525.0
52 42 0 6 100292.5
47 43 0 10 100240.0
50 45 0 5 100297.5
33 62 0 5 99245.0
42 48 0 10 99837.5
34 55 0 11 99722.5
42 53 0 5 99682.5
42 55 0 3 99520.0
33 61 0 6 99325.0
46 44 0 10 100340.0
33 61 0 6 99407.5
45 43 0 12 99830.0
29 67 0 4 99250.0
37 59 0 4 99555.0
37 52 0 11 99817.5
43 50 0 7 100035.0
37 55 0 8 99600.0
36 56 0 8 99652.5
29 62 0 9 99412.5
38 51 0 11 99710.0
33 57 0 10 99315.0
42 50 0 8 99767.5
45 52 0 3 99677.5
40 54 0 6 99785.0
38 57 0 5 99445.0
41 52 0 7 99782.5
50 45 0 5 100030.0
44 52 0 4 99852.5
48 46 0 6 100072.5
33 61 0 6 99405.0
37 60 0 3 99515.0
42 50 0 8 99657.5
33 57 0 10 99485.0
39 56 0 5 99502.5
36 59 0 5 99592.5
47 49 0 4 100280.0
44 54 0 2 99692.5
44 56 0 0 99397.5
36 58 0 6 99305.0
41 53 0 6 99567.5
41 53 0 6 99805.0
41 54 0 5 99765.0
41 55 0 4 99590.0
42 52 0 6 99962.5
36 58 0 6 99522.5
36 57 0 7 99297.5
43 55 0 2 99670.0
45 52 0 3 99882.5
40 54 0 6 99520.0
45 50 0 5 99890.0
41 56 0 3 99660.0
37 56 0 7 99667.5
48 49 0 3 99987.5
37 55 0 8 99660.0
32 61 0 7 99395.0
46 49 0 5 99730.0
38 54 0 8 99670.0
43 53 0 4 99817.5
39 58 0 3 99727.5
