44 51 0 5 99737.5
35 58 0 7 99572.5
39 55 0 6 99290.0
41 52 0 7 99602.5
39 52 0 9 99877.5
37 59 0 4 99405.0
35 57 0 8 99462.5
39 55 0 6 99612.5
37 56 0 7 99685.0
45 52 0 3 99917.5
45 51 0 4 99625.0
37 59 0 4 99540.0
32 65 0 3 99172.5
38 59 0 3 99550.0
34 60 0 6 99240.0
42 52 0 6 99712.5
42 52 0 6 99737.5
33 57 0 10 99540.0
41 54 0 5 99707.5
38 57 0 5 99687.5
39 56 0 5 99612.5
41 54 0 5 99612.5
34 56 0 10 99552.5
39 53 0 8 99727.5
30 64 0 6 99322.5
37 59 0 4 99472.5
36 59 0 5 99457.5
35 57 0 8 99480.0
42 48 0 10 99772.5
38 59 0 3 99197.5
44 53 0 3 99692.5
39 57 0 4 99550.0
33 58 0 9 99382.5
35 56 0 9 99617.5
28 63 0 9 99175.0
35 58 0 7 99365.0
19 27 0 5 174760.0
48 46 0 6 100005.0
43 53 0 4 100035.0
40 48 0 12 100010.0
42 49 0 9 99642.5
29 63 0 8 99337.5
44 54 0 2 100022.5
42 52 0 6 99910.0
45 50 0 5 99907.5
27 21 0 2 175007.5
45 51 0 4 99817.5
47 49 0 4 99780.0
49 48 0 3 100055.0
42 53 0 5 99950.0
43 51 0 6 99745.0
37 56 0 7 99517.5
35 62 0 3 99260.0
33 59 0 8 99462.5
38 57 0 5 99765.0
37 54 0 9 99690.0
39 52 0 9 99712.5
41 52 0 7 99950.0
41 53 0 6 99447.5
43 54 0 3 99690.0
33 65 0 2 99300.0
38 58 0 4 99855.0
38 54 0 8 99752.5
45 49 0 6 100012.5
39 56 0 5 99787.5
43 50 0 7 100105.0
40 53 0 7 99695.0
38 57 0 5 99357.5
43 56 0 1 99635.0
37 61 0 2 99252.5
38 56 0 6 99532.5
35 60 0 5 99287.5
53 44 0 3 100325.0
41 54 0 5 99702.5
39 56 0 5 99332.5
47 50 0 3 100245.0
41 52 0 7 99460.0
40 56 0 4 99257.5
42 55 0 3 99600.0
42 54 0 4 99862.5
38 51 0 11 99470.0
42 54 0 4 99910.0
44 45 0 11 100055.0
39 52 0 9 99590.0
38 53 0 9 99515.0
36 54 0 10 99430.0
34 62 0 4 99417.5
36 55 0 9 99460.0
47 48 0 5 99957.5
49 47 0 4 100095.0
37 61 0 2 99370.0
40 54 0 6 99585.0
47 47 0 6 100035.0
43 52 0 5 99770.0
37 58 0 5 99300.0
42 56 0 2 99947.5
41 50 0 9 99620.0
38 57 0 5 99710.0
40 55 0 5 99505.0
40 54 0 6 99807.5
