44 46 0 10 100037.5
45 53 0 2 99787.5
48 45 0 7 100395.0
46 48 0 6 100230.0
31 65 0 4 99355.0
36 56 0 8 99560.0
37 55 0 8 99497.5
40 55 0 5 99425.0
44 50 0 6 100092.5
43 46 0 11 99860.0
36 58 0 6 99442.5
49 47 0 4 100370.0
48 51 0 1 99690.0
47 49 0 4 99957.5
53 42 0 5 100757.5
42 52 0 6 99662.5
38 59 0 3 99475.0
36 60 0 4 99467.5
33 60 0 7 99372.5
46 50 0 4 99935.0
45 52 0 3 99855.0
48 45 0 7 100127.5
35 59 0 6 99650.0
38 58 0 4 99382.5
39 53 0 8 99755.0
47 48 0 5 99922.5
45 50 0 5 99852.5
47 47 0 6 99815.0
44 46 0 10 100320.0
34 57 0 9 99285.0
41 51 0 8 99637.5
43 55 0 2 99522.5
50 46 0 4 100150.0
43 54 0 3 99735.0
49 43 0 8 100195.0
43 50 0 7 99682.5
31 63 0 6 99360.0
40 51 0 9 99857.5
32 60 0 8 99352.5
54 44 0 2 100420.0
42 53 0 5 99692.5
34 65 0 1 99292.5
36 58 0 6 99382.5
39 55 0 6 99380.0
39 53 0 8 100012.5
41 54 0 5 99765.0
39 55 0 6 99447.5
33 56 0 11 99495.0
46 46 0 8 100190.0
36 56 0 8 99992.5
30 62 0 8 99365.0
41 54 0 5 99565.0
40 52 0 8 99825.0
42 53 0 5 99735.0
42 50 0 8 99925.0
49 47 0 4 100045.0
32 61 0 7 99400.0
42 53 0 5 99742.5
44 50 0 6 99695.0
38 56 0 6 99560.0
41 54 0 5 99762.5
34 60 0 6 99740.0
46 50 0 4 99732.5
38 56 0 6 99255.0
41 56 0 3 99497.5
43 51 0 6 99612.5
40 52 0 8 99975.0
37 58 0 5 99432.5
43 52 0 5 99895.0
41 53 0 6 99910.0
51 45 0 4 100370.0
38 59 0 3 99402.5
43 50 0 7 99792.5
43 53 0 4 99830.0
43 55 0 2 99887.5
40 49 0 11 99772.5
43 53 0 4 99935.0
39 54 0 7 100107.5
38 57 0 5 99662.5
43 53 0 4 100000.0
45 47 0 8 100177.5
34 53 0 13 99615.0
36 57 0 7 99512.5
43 52 0 5 99857.5
41 53 0 6 99850.0
42 48 0 10 99832.5
39 58 0 3 99495.0
49 49 0 2 100162.5
41 53 0 6 99487.5
44 50 0 6 99935.0
35 61 0 4 99360.0
40 55 0 5 99580.0
43 53 0 4 99837.5
46 52 0 2 100005.0
38 54 0 8 99835.0
38 54 0 8 99550.0
37 56 0 7 99572.5
49 47 0 4 100375.0
41 52 0 7 99682.5
39 57 0 4 99790.0
